9.69509
7.28295
11.7107
7.31203
10.0832
11.8621
10.084
8.68341
11.1563
10.5017
15.3117
10.9293
12.5524
11.9585
9.6804
9.15797
8.28211
13.2711
7.6604
3.31909
8.06815
8.69609
4.96178
10.1259
7.76344
9.96708
9.5383
8.30136
9.81565
12.1456
10.9423
8.12682
13.5058
12.0148
9.16192
11.6814
13.0288
10.1162
9.28721
12.8772
6.71431
9.6723
8.8226
10.1807
14.1832
9.97439
8.98598
9.21186
8.4826
6.00918
7.5297
11.9928
12.7618
6.68608
7.57063
13.9239
10.3968
9.59524
13.5454
5.0159
11.4199
9.96463
11.289
7.00614
12.7919
11.3933
6.41069
9.71493
12.3525
9.4529
8.95524
7.37918
9.66288
7.24764
11.8653
9.79389
10.2396
9.83314
10.0471
12.8544
9.60538
13.3192
12.7554
11.1264
10.3315
10.1475
10.3173
5.36891
12.4765
9.4346
12.3252
12.4773
8.14524
10.1066
15.0119
9.6956
11.9395
2.85857
13.3633
9.33892
8.7633
8.97007
8.54953
14.0078
12.2878
11.2279
6.89696
11.4036
11.3801
9.65716
7.68635
7.52758
8.23925
12.2944
9.04154
13.0086
9.10648
9.15647
8.8764
9.31508
12.9944
11.3685
11.7437
13.3056
5.86196
12.2427
10.1755
7.43019
14.1424
11.7956
10.3942
9.62975
5.33355
11.4415
16.1763
12.001
5.11843
7.39877
4.66609
7.47334
9.6119
9.33486
12.9351
12.2627
15.0973
8.75009
7.3175
10.8106
10.7758
4.68738
9.61415
12.9995
13.926
9.01173
12.6407
12.0354
10.6175
11.0095
10.0205
9.45119
6.32509
10.5693
13.614
12.1903
7.9295
6.4485
8.37825
9.22298
8.75988
7.92441
15.6166
3.76318
10.6353
9.33427
5.48261
12.0811
9.97302
8.77287
10.6397
14.2147
9.53762
9.44007
7.6296
10.7232
8.76229
6.05797
10.6119
10.9343
14.9545
8.55862
10.5814
6.4056
9.33985
6.85856
12.2337
11.2451
8.11316
12.0348
11.891
12.0417
9.70184
10.1168
11.6204
7.04486
6.73654
8.42488
9.2229
9.23699
11.0098
10.3642
9.6251
10.0941
9.74757
10.1255
8.13694
10.0822
8.19736
11.3345
9.32321
7.96705
12.0023
5.49403
11.9973
12.5816
9.54472
11.4368
6.05596
9.31732
5.80661
8.43578
10.3611
6.26797
11.0448
11.7958
8.08194
4.41426
7.39776
11.3684
5.91424
12.8398
13.169
10.0915
12.804
6.37026
6.20352
10.2622
10.6485
8.70898
8.20164
6.47789
9.55401
6.09017
10.2072
8.94066
11.0758
4.98107
11.0682
9.7794
11.4799
10.4781
10.7415
13.2124
8.22757
9.31299
12.9981
12.6365
8.634
7.27012
9.05408
8.77899
9.04233
10.1739
9.69758
10.1877
9.68953
11.8993
10.8882
12.8947
6.88971
10.1776
12.6285
16.2192
11.4387
14.9312
11.9675
14.6167
10.2834
2.68831
10.0597
8.73355
15.3723
12.506
9.80942
13.8924
9.67897
14.8091
7.45746
12.3957
10.6188
5.53733
11.3081
6.44921
10.7924
9.46504
11.3366
10.4645
10.9329
8.26267
13.0511
8.15923
11.9821
5.41626
13.5138
9.90597
9.45959
9.4755
6.98678
5.25808
8.72913
10.4371
5.54054
10.4446
13.1753
10.8843
10.2988
11.6457
9.58143
10.5134
9.10018
10.4612
14.3983
7.90513
11.426
11.6573
9.918
12.4032
13.7507
7.55024
9.8927
7.96924
7.31683
13.5333
9.80317
0.736729
9.58371
8.09731
10.8275
6.67931
5.49056
12.9313
7.30498
10.7684
8.87756
12.8521
15.4667
9.2454
8.62082
12.8977
7.76317
8.95628
6.90078
12.7907
11.8418
10.4475
5.68366
10.3025
11.0733
12.66
6.99643
9.63382
12.7226
11.5324
7.51509
7.07242
7.65363
11.918
8.35707
9.51176
5.20561
14.097
7.64807
6.58361
7.55328
15.9225
12.5742
10.6781
10.2638
6.50854
11.9517
11.2726
13.0665
13.428
5.04172
10.9794
5.74144
8.9011
11.09
4.93536
6.34358
11.3977
11.1653
8.94627
13.7693
12.7064
8.74302
14.869
8.80679
10.4377
7.95718
8.6079
10.5192
12.1906
11.6199
14.4604
6.55567
9.24002
7.70074
7.9538
11.4038
9.92988
11.6739
8.32544
10.2095
11.3128
10.0137
7.26823
7.40148
10.0344
7.3584
13.9383
12.4244
11.0295
9.29756
8.00717
11.511
14.0906
9.2378
9.21026
11.872
10.8299
13.2189
7.45001
8.31755
12.2557
8.30853
11.2616
9.10801
13.6883
9.6404
10.6606
8.43707
11.5995
11.6467
9.54128
6.12847
13.1412
11.4532
8.49214
7.05722
13.8698
11.544
9.37137
12.8628
9.07999
12.3043
5.25814
10.8695
10.9431
5.14889
7.92167
10.4359
10.747
11.3502
13.3305
8.09757
9.05716
9.33381
14.0621
11.8841
7.28236
9.02434
8.71533
8.53928
10.3247
11.2467
6.36198
9.27702
6.22846
10.059
11.8923
10.7783
12.5559
13.7278
13.2015
7.46396
10.4033
10.3279
7.21158
9.25539
12.095
11.3115
9.36237
14.6197
8.77843
4.02772
8.07138
13.8105
2.89871
7.98462
14.2016
8.4026
6.06423
12.0813
13.4802
4.97298
9.78411
9.21615
7.49085
7.18362
8.59445
6.47927
10.5053
16.1235
10.78
8.9336
10.9008
16.5251
12.1667
12.2328
11.1578
12.98
7.94972
13.0309
4.68641
13.7488
13.7677
9.73089
9.20849
9.29181
6.94415
8.00298
13.4242
9.59851
7.97183
11.7092
5.33215
8.23147
10.1281
10.3091
7.56598
12.9585
10.4212
8.75899
8.04883
8.38245
10.3625
9.92307
10.1588
6.6216
9.22453
11.9076
12.8623
7.69528
11.2748
11.3099
7.49466
2.88288
13.7667
9.70198
7.79326
12.051
10.8156
10.3737
7.6102
10.3047
12.4833
11.8372
9.9455
13.9932
10.7709
8.97059
7.18019
9.25781
11.1608
11.2465
12.0302
7.76783
10.1437
8.26112
12.5533
11.7903
13.161
9.61424
7.02273
9.22201
7.11215
7.02588
6.60211
12.7633
6.52378
5.80914
9.84954
7.88706
7.98204
12.8969
10.4056
12.2573
10.3235
13.4403
8.24906
11.6693
13.138
9.54734
10.9342
11.4624
8.28848
9.76767
9.12772
10.9999
6.83506
13.7322
10.6667
11.6188
10.8795
9.99976
10.518
12.0798
12.7236
8.65502
7.96386
9.51332
11.9858
10.2732
12.2736
7.8195
8.045
8.57311
5.02148
12.5357
11.3274
14.1064
10.6969
8.68901
13.637
12.5297
13.1748
7.61979
7.31924
9.82505
10.9214
11.1143
13.234
6.35108
6.09842
14.4935
11.3345
5.88572
11.1679
11.0003
8.90214
11.3342
7.22343
9.53001
8.34149
6.2387
9.91059
11.9718
9.2615
10.8362
9.89447
7.25635
10.5894
7.8754
9.99916
8.93236
7.21486
8.74622
8.34857
8.32342
11.9584
12.2063
17.1878
7.36803
5.55897
10.337
12.0413
13.1536
8.976
8.69631
12.2229
10.6096
8.59859
8.75295
8.90219
10.7964
9.35203
9.48434
9.16579
12.7605
10.1281
10.4259
10.0846
11.3551
12.3463
6.68834
14.1017
8.20411
3.54449
8.53024
12.2463
3.53258
7.65283
15.1742
8.82261
14.7523
11.7664
6.75243
12.2475
8.26348
7.98854
9.52037
14.2607
9.65927
10.5781
9.30148
14.9262
13.1621
10.0603
13.4496
8.68052
15.2954
8.2317
7.80987
12.326
11.299
8.55703
12.7871
8.95859
11.2704
9.04602
8.74537
13.8016
5.72098
7.01298
11.3353
8.77818
9.79376
11.1553
8.48946
14.0026
10.2881
10.0611
7.20933
11.8858
7.86682
11.0891
8.22133
10.4122
11.636
7.9108
11.3361
8.87901
8.21245
7.80647
10.9942
12.7188
14.3406
9.18545
7.78675
9.51497
6.13916
9.03708
11.8133
15.3554
4.81132
9.04705
8.87266
11.8012
11.7985
10.9873
10.3239
6.66986
7.70406
11.9543
11.6685
8.64235
4.46108
9.52979
8.74002
7.7749
12.97
10.8271
10.9775
6.56402
8.81718
7.88022
9.1114
9.74893
7.92945
11.1853
14.5225
11.5665
6.92586
9.62588
14.8776
14.0934
10.2093
14.417
16.3018
8.13385
7.80358
13.2011
7.1106
9.22208
12.4046
8.79884
8.30529
9.77474
7.05869
11.4578
7.47016
13.5927
10.464
9.44265
14.2634
10.7424
14.4947
11.0797
12.4198
12.6042
7.05666
8.90152
12.7209
7.33855
6.67194
9.89894
10.4095
6.066
13.1705
7.07541
13.0273
10.9125
8.72996
9.28892
11.6163
11.5336
10.0523
9.80083
7.20774
7.07338
11.4723
11.9519
9.03013
8.04653
12.3127
10.7101
13.0116
8.78027
8.65532
10.4551
5.70565
12.339
8.34364
8.78957
9.07153
10.4659
8.56529
8.28079
8.62067
7.27648
11.376
10.5203
11.54
12.9147
8.5752
8.12908
9.96207
8.89137
9.3689
10.7563
11.5824
8.63521
6.69043
10.4565
9.21693
11.3978
13.3647
7.41884
5.24167
12.2586
7.5076
7.07011
11.2922
10.4838
8.38307
12.4783
8.9505
9.57838
10.1825
6.4942
15.5685
12.1421
8.82572
8.89591
9.58726
11.7247
11.3868
8.60053
10.6839
13.1264
12.0093
13.0715
6.71064
10.0691
9.16938
5.75282
16.3012
11.0299
8.01107
13.138
10.3538
9.52435
7.50995
9.17105
11.5504
14.1554
9.56791
8.48449
10.8889
7.7042
6.82829
13.3155
7.69775
9.90555
9.43604
7.36821
11.148
6.02434
9.0199
9.11263
7.90888
10.5223
11.5902
9.40247
10.9527
13.2949
10.1806
13.4257
7.14595
13.8905
10.6592
6.62201
7.3768
12.2425
7.69484
8.16887
5.22986
10.1933
11.3613
12.3395
8.54269
8.81558
8.74209
10.5994
9.13937
8.79315
9.10154
12.4463
11.5741
7.51911
8.31178
8.5865
7.59575
8.68028
11.3463
10.4422
9.24062
13.6884
9.07068
7.84859
13.4568
7.94929
11.2053
10.8996
14.5662
7.65986
8.76174
15.7243
8.10091
12.1686
10.3367
7.90154
8.03758
8.91976
12.3911
12.0822
10.4498
8.97498
9.92238
8.90379
9.69509
7.28295
11.7107
7.31203
10.0832
11.8621
10.084
8.68341
11.1563
10.5017
15.3117
10.9293
12.5524
11.9585
9.6804
9.15797
8.28211
13.2711
7.6604
3.31909
8.06815
8.69609
4.96178
10.1259
7.76344
9.96708
9.5383
8.30136
9.81565
12.1456
10.9423
8.12682
13.5058
12.0148
9.16192
11.6814
13.0288
10.1162
9.28721
12.8772
6.71431
9.6723
8.8226
10.1807
14.1832
9.97439
8.98598
9.21186
8.4826
6.00918
7.5297
11.9928
12.7618
6.68608
7.57063
13.9239
10.3968
9.59524
13.5454
5.0159
11.4199
9.96463
11.289
7.00614
12.7919
11.3933
6.41069
9.71493
12.3525
9.4529
8.95524
7.37918
9.66288
7.24764
11.8653
9.79389
10.2396
9.83314
10.0471
12.8544
9.60538
13.3192
12.7554
11.1264
10.3315
10.1475
10.3173
5.36891
12.4765
9.4346
12.3252
12.4773
8.14524
10.1066
15.0119
9.6956
11.9395
2.85857
13.3633
9.33892
8.7633
8.97007
8.54953
14.0078
12.2878
11.2279
6.89696
11.4036
11.3801
9.65716
7.68635
7.52758
8.23925
12.2944
9.04154
13.0086
9.10648
9.15647
8.8764
9.31508
12.9944
11.3685
11.7437
13.3056
5.86196
12.2427
10.1755
7.43019
14.1424
11.7956
10.3942
9.62975
5.33355
11.4415
16.1763
12.001
5.11843
7.39877
4.66609
7.47334
9.6119
9.33486
12.9351
12.2627
15.0973
8.75009
7.3175
10.8106
10.7758
4.68738
9.61415
12.9995
13.926
9.01173
12.6407
12.0354
10.6175
11.0095
10.0205
9.45119
6.32509
10.5693
13.614
12.1903
7.9295
6.4485
8.37825
9.22298
8.75988
7.92441
15.6166
3.76318
10.6353
9.33427
5.48261
12.0811
9.97302
8.77287
10.6397
14.2147
9.53762
9.44007
7.6296
10.7232
8.76229
6.05797
10.6119
10.9343
14.9545
8.55862
10.5814
6.4056
9.33985
6.85856
12.2337
11.2451
8.11316
12.0348
11.891
12.0417
9.70184
10.1168
11.6204
7.04486
6.73654
8.42488
9.2229
9.23699
11.0098
10.3642
9.6251
10.0941
9.74757
10.1255
8.13694
10.0822
8.19736
11.3345
9.32321
7.96705
12.0023
5.49403
11.9973
12.5816
9.54472
11.4368
6.05596
9.31732
5.80661
8.43578
10.3611
6.26797
11.0448
11.7958
8.08194
4.41426
7.39776
11.3684
5.91424
12.8398
13.169
10.0915
12.804
6.37026
6.20352
10.2622
10.6485
8.70898
8.20164
6.47789
9.55401
6.09017
10.2072
8.94066
11.0758
4.98107
11.0682
9.7794
11.4799
10.4781
10.7415
13.2124
8.22757
9.31299
12.9981
12.6365
8.634
7.27012
9.05408
8.77899
9.04233
10.1739
9.69758
10.1877
9.68953
11.8993
10.8882
12.8947
6.88971
10.1776
12.6285
16.2192
11.4387
14.9312
11.9675
14.6167
10.2834
2.68831
10.0597
8.73355
15.3723
12.506
9.80942
13.8924
9.67897
14.8091
7.45746
12.3957
10.6188
5.53733
11.3081
6.44921
10.7924
9.46504
11.3366
10.4645
10.9329
8.26267
13.0511
8.15923
11.9821
5.41626
13.5138
9.90597
9.45959
9.4755
6.98678
5.25808
8.72913
10.4371
5.54054
10.4446
13.1753
10.8843
10.2988
11.6457
9.58143
10.5134
9.10018
10.4612
14.3983
7.90513
11.426
11.6573
9.918
12.4032
13.7507
7.55024
9.8927
7.96924
7.31683
13.5333
9.80317
0.736729
9.58371
8.09731
10.8275
6.67931
5.49056
12.9313
7.30498
10.7684
8.87756
12.8521
15.4667
9.2454
8.62082
12.8977
7.76317
8.95628
6.90078
12.7907
11.8418
10.4475
5.68366
10.3025
11.0733
12.66
6.99643
9.63382
12.7226
11.5324
7.51509
7.07242
7.65363
11.918
8.35707
9.51176
5.20561
14.097
7.64807
6.58361
7.55328
15.9225
12.5742
10.6781
10.2638
6.50854
11.9517
11.2726
13.0665
13.428
5.04172
10.9794
5.74144
8.9011
11.09
4.93536
6.34358
11.3977
11.1653
8.94627
13.7693
12.7064
8.74302
14.869
8.80679
10.4377
7.95718
8.6079
10.5192
12.1906
11.6199
14.4604
6.55567
9.24002
7.70074
7.9538
11.4038
9.92988
11.6739
8.32544
10.2095
11.3128
10.0137
7.26823
7.40148
10.0344
7.3584
13.9383
12.4244
11.0295
9.29756
8.00717
11.511
14.0906
9.2378
9.21026
11.872
10.8299
13.2189
7.45001
8.31755
12.2557
8.30853
11.2616
9.10801
13.6883
9.6404
10.6606
8.43707
11.5995
11.6467
9.54128
6.12847
13.1412
11.4532
8.49214
7.05722
13.8698
11.544
9.37137
12.8628
9.07999
12.3043
5.25814
10.8695
10.9431
5.14889
7.92167
10.4359
10.747
11.3502
13.3305
8.09757
9.05716
9.33381
14.0621
11.8841
7.28236
9.02434
8.71533
8.53928
10.3247
11.2467
6.36198
9.27702
6.22846
10.059
11.8923
10.7783
12.5559
13.7278
13.2015
7.46396
10.4033
10.3279
7.21158
9.25539
12.095
11.3115
9.36237
14.6197
8.77843
4.02772
8.07138
13.8105
2.89871
7.98462
14.2016
8.4026
6.06423
12.0813
13.4802
4.97298
9.78411
9.21615
7.49085
7.18362
8.59445
6.47927
10.5053
16.1235
10.78
8.9336
10.9008
16.5251
12.1667
12.2328
11.1578
12.98
7.94972
13.0309
4.68641
13.7488
13.7677
9.73089
9.20849
9.29181
6.94415
8.00298
13.4242
9.59851
7.97183
11.7092
5.33215
8.23147
10.1281
10.3091
7.56598
12.9585
10.4212
8.75899
8.04883
8.38245
10.3625
9.92307
10.1588
6.6216
9.22453
11.9076
12.8623
7.69528
11.2748
11.3099
7.49466
2.88288
13.7667
9.70198
7.79326
12.051
10.8156
10.3737
7.6102
10.3047
12.4833
11.8372
9.9455
13.9932
10.7709
8.97059
7.18019
9.25781
11.1608
11.2465
12.0302
7.76783
10.1437
8.26112
12.5533
11.7903
13.161
9.61424
7.02273
9.22201
7.11215
7.02588
6.60211
12.7633
6.52378
5.80914
9.84954
7.88706
7.98204
12.8969
10.4056
12.2573
10.3235
13.4403
8.24906
11.6693
13.138
9.54734
10.9342
11.4624
8.28848
9.76767
9.12772
10.9999
6.83506
13.7322
10.6667
11.6188
10.8795
9.99976
10.518
12.0798
12.7236
8.65502
7.96386
9.51332
11.9858
10.2732
12.2736
7.8195
8.045
8.57311
5.02148
12.5357
11.3274
14.1064
10.6969
8.68901
13.637
12.5297
13.1748
7.61979
7.31924
9.82505
10.9214
11.1143
13.234
6.35108
6.09842
14.4935
11.3345
5.88572
11.1679
11.0003
8.90214
11.3342
7.22343
9.53001
8.34149
6.2387
9.91059
11.9718
9.2615
10.8362
9.89447
7.25635
10.5894
7.8754
9.99916
8.93236
7.21486
8.74622
8.34857
8.32342
11.9584
12.2063
17.1878
7.36803
5.55897
10.337
12.0413
13.1536
8.976
8.69631
12.2229
10.6096
8.59859
8.75295
8.90219
10.7964
9.35203
9.48434
9.16579
12.7605
10.1281
10.4259
10.0846
11.3551
12.3463
6.68834
14.1017
8.20411
3.54449
8.53024
12.2463
3.53258
7.65283
15.1742
8.82261
14.7523
11.7664
6.75243
12.2475
8.26348
7.98854
9.52037
14.2607
9.65927
10.5781
9.30148
14.9262
13.1621
10.0603
13.4496
8.68052
15.2954
8.2317
7.80987
12.326
11.299
8.55703
12.7871
8.95859
11.2704
9.04602
8.74537
13.8016
5.72098
7.01298
11.3353
8.77818
9.79376
11.1553
8.48946
14.0026
10.2881
10.0611
7.20933
11.8858
7.86682
11.0891
8.22133
10.4122
11.636
7.9108
11.3361
8.87901
8.21245
7.80647
10.9942
12.7188
14.3406
9.18545
7.78675
9.51497
6.13916
9.03708
11.8133
15.3554
4.81132
9.04705
8.87266
11.8012
11.7985
10.9873
10.3239
6.66986
7.70406
11.9543
11.6685
8.64235
4.46108
9.52979
8.74002
7.7749
12.97
10.8271
10.9775
6.56402
8.81718
7.88022
9.1114
9.74893
7.92945
11.1853
14.5225
11.5665
6.92586
9.62588
14.8776
14.0934
10.2093
14.417
16.3018
8.13385
7.80358
13.2011
7.1106
9.22208
12.4046
8.79884
8.30529
9.77474
7.05869
11.4578
7.47016
13.5927
10.464
9.44265
14.2634
10.7424
14.4947
11.0797
12.4198
12.6042
7.05666
8.90152
12.7209
7.33855
6.67194
9.89894
10.4095
6.066
13.1705
7.07541
13.0273
10.9125
8.72996
9.28892
11.6163
11.5336
10.0523
9.80083
7.20774
7.07338
11.4723
11.9519
9.03013
8.04653
12.3127
10.7101
13.0116
8.78027
8.65532
10.4551
5.70565
12.339
8.34364
8.78957
9.07153
10.4659
8.56529
8.28079
8.62067
7.27648
11.376
10.5203
11.54
12.9147
8.5752
8.12908
9.96207
8.89137
9.3689
10.7563
11.5824
8.63521
6.69043
10.4565
9.21693
11.3978
13.3647
7.41884
5.24167
12.2586
7.5076
7.07011
11.2922
10.4838
8.38307
12.4783
8.9505
9.57838
10.1825
6.4942
15.5685
12.1421
8.82572
8.89591
9.58726
11.7247
11.3868
8.60053
10.6839
13.1264
12.0093
13.0715
6.71064
10.0691
9.16938
5.75282
16.3012
11.0299
8.01107
13.138
10.3538
9.52435
7.50995
9.17105
11.5504
14.1554
9.56791
8.48449
10.8889
7.7042
6.82829
13.3155
7.69775
9.90555
9.43604
7.36821
11.148
6.02434
9.0199
9.11263
7.90888
10.5223
11.5902
9.40247
10.9527
13.2949
10.1806
13.4257
7.14595
13.8905
10.6592
6.62201
7.3768
12.2425
7.69484
8.16887
5.22986
10.1933
11.3613
12.3395
8.54269
8.81558
8.74209
10.5994
9.13937
8.79315
9.10154
12.4463
11.5741
7.51911
8.31178
8.5865
7.59575
8.68028
11.3463
10.4422
9.24062
13.6884
9.07068
7.84859
13.4568
7.94929
11.2053
10.8996
14.5662
7.65986
8.76174
15.7243
8.10091
12.1686
10.3367
7.90154
8.03758
8.91976
12.3911
12.0822
10.4498
8.97498
9.92238
8.90379
6.56921
8.97339
9.00734
11.0573
9.65541
13.3324
5.94755
7.54397
10.0581
12.2133
0.627101
13.0613
11.2331
9.31479
5.25131
10.8576
10.9846
9.71457
12.347
14.4738
4.23398
10.7633
8.51047
10.1258
10.4453
7.78354
12.763
11.2382
7.32262
11.0823
12.0623
12.9575
10.4943
10.2746
9.5682
8.61799
8.6172
8.09524
7.96125
16.7907
12.2991
11.4635
5.85205
12.1542
8.49355
11.6792
7.92069
8.37041
12.6588
14.4664
6.47457
9.1278
9.66309
11.0438
9.13367
8.86362
11.0218
7.96664
7.58401
12.2075
6.16818
13.0815
7.5769
9.03112
12.8175
10.1621
9.36037
11.9406
11.7859
10.3447
10.8911
7.51495
10.7479
12.4711
4.41215
11.1725
5.47574
11.1083
6.78455
10.7974
10.6788
13.7986
13.7461
9.80275
7.79142
13.0336
11.7495
8.54091
8.24054
8.40729
4.44171
11.1259
9.0662
5.67508
11.8981
9.9834
5.78324
9.00424
10.9008
5.55888
7.36263
10.8678
6.12936
13.6401
14.2594
9.12734
8.86128
10.264
8.44758
8.75364
9.93265
8.08879
7.92945
11.0579
9.57821
10.6377
8.01825
8.22713
7.0221
11.6605
11.0458
11.9786
7.80059
8.40137
10.5656
12.0568
10.7364
12.0233
10.1465
12.8407
9.48486
9.98514
10.4961
6.9099
7.22283
12.3008
6.31965
8.90422
7.75392
9.55674
6.69824
4.0717
13.2826
11.6874
14.0993
5.20689
14.9602
6.76684
6.08882
9.63826
11.034
10.032
14.5605
7.9999
11.4792
8.41208
9.02279
9.15854
9.77005
14.3849
8.07107
10.7754
9.25768
13.6889
10.7566
7.21587
10.871
12.8538
9.85598
6.43726
8.12559
14.1264
10.2715
11.9534
17.5012
6.84127
7.16936
10.7745
8.31046
13.9692
12.7493
8.81363
7.21313
6.89155
6.76833
13.6103
13.1102
14.9512
14.5622
7.14909
7.36703
12.0321
11.1442
12.5998
7.79532
13.0647
10.2238
11.1316
10.1246
8.90393
9.94443
5.34098
8.91384
13.8555
9.96075
9.58933
14.7235
8.3378
4.57327
13.0481
5.28082
9.90008
9.01688
12.1527
11.511
11.1152
10.7014
6.17935
9.97619
11.9451
13.2504
8.25253
8.51861
14.6995
14.3196
11.0324
12.4677
11.7301
10.8934
11.1043
10.9738
2.06669
9.07503
10.0225
11.7386
9.73709
9.92227
13.8184
10.2048
14.6778
9.46896
8.31684
7.22187
8.91054
13.8072
6.19518
9.47517
6.53807
13.2491
8.3533
10.7285
8.47324
8.50099
8.70297
8.52051
11.8137
5.94042
11.1704
8.39324
9.80764
10.5671
11.7952
9.90326
10.3141
13.4295
11.7826
9.74344
5.76582
9.93306
7.10107
14.1829
11.3708
11.8483
12.1959
13.1482
9.10394
16.2958
11.7628
7.74888
12.3271
8.78129
13.9481
7.13827
12.4875
11.9456
6.97997
9.96391
9.02482
9.37677
7.54536
4.80099
9.44529
9.69093
8.60555
6.82695
14.8456
7.77257
9.59325
16.5503
7.72323
9.48895
8.21063
7.10988
11.2844
10.3323
8.40867
10.1931
10.2362
8.93856
10.8783
8.29038
7.43216
10.9081
10.2099
10.7451
11.1031
8.94847
6.47614
9.64592
7.67579
11.7096
11.7519
8.05868
10.2817
11.358
6.00595
11.712
10.577
10.1493
14.0125
10.1775
11.4842
9.56221
12.0401
14.2328
9.18209
11.3011
13.1294
14.7329
11.2852
11.438
13.6814
8.76693
11.377
9.25881
11.53
8.99869
5.00053
10.652
9.26844
11.6251
9.02382
8.33304
11.8108
11.9746
10.3251
12.721
11.069
13.6184
10.8501
15.6536
11.13
9.66387
8.33527
7.05877
13.4627
15.8379
10.4386
9.76989
11.5205
10.0486
9.89718
10.8266
8.95106
6.38836
9.40144
13.4597
9.50236
6.0087
7.20293
11.4435
8.65687
5.72496
8.73093
10.5354
4.33603
12.4362
8.83925
4.29268
11.7444
11.0375
5.83351
11.7473
8.54021
9.36894
13.0601
7.91174
11.7834
12.5681
10.6156
8.63651
14.731
10.689
6.82333
6.52399
3.91918
5.40051
7.92624
11.7441
9.52051
10.9814
14.2179
9.31968
10.8104
9.10264
11.1937
10.2318
12.0648
12.2207
8.35775
7.59004
8.21231
15.9175
12.0299
15.9387
6.22566
9.2745
13.7559
5.65205
11.4165
10.1385
8.2559
10.4669
13.0371
11.4188
9.14272
10.9013
12.926
10.0456
12.5839
12.3075
8.10625
8.79112
7.34397
7.47699
10.7056
6.73662
8.69558
10.7227
10.6392
9.32211
11.5838
10.2125
9.42106
11.9337
8.94937
9.82923
7.872
9.99484
11.0592
7.63021
14.1736
11.076
8.66324
6.04524
10.5272
10.0042
8.11165
9.83372
8.53679
11.0207
7.08491
15.1502
10.7053
14.5897
10.8404
11.6087
9.39528
10.4093
10.0388
8.02096
12.568
9.02382
11.1935
11.0672
7.56076
14.2996
9.05794
9.49483
5.66802
14.2242
14.1382
10.7993
8.30097
11.5017
11.0402
7.76348
12.373
4.88379
9.62597
12.6981
5.23708
9.10068
13.1319
12.0161
6.92664
9.89407
8.07593
9.00112
12.4673
14.167
6.01851
10.8619
8.97052
10.976
7.03906
10.8213
11.5332
10.4213
9.31682
9.6428
11.3203
5.94993
5.35275
9.83678
8.48977
10.6651
9.04176
10.2776
13.7283
12.4739
14.7331
14.3746
9.5118
9.55464
9.70952
6.56613
6.90963
6.18562
9.5772
12.782
8.09404
10.6035
13.8978
11.056
6.10493
11.8122
6.64513
6.75234
9.77892
11.4002
12.1944
7.2786
10.6121
11.304
9.71098
7.48357
6.67768
11.6701
12.7088
7.92694
12.0479
11.6566
10.0559
8.76946
10.2998
11.4897
12.174
4.24932
9.34914
11.6801
8.90758
11.3512
8.07881
11.2244
9.26469
9.32731
7.99277
11.2654
11.8503
11.5449
10.3757
8.69159
9.25442
5.67576
11.5735
9.41211
7.4983
9.44717
7.09243
7.94406
8.68065
7.6463
10.1475
7.82701
11.3537
11.8503
12.0492
6.32515
6.72856
6.83088
8.6914
7.53355
7.99999
8.05844
10.0593
11.8171
10.1984
12.2207
8.62336
5.97871
13.3631
11.7983
7.98462
11.3249
12.0228
10.5462
12.105
9.92401
9.06233
11.8575
9.99192
11.5094
9.20647
7.11291
13.2786
6.90779
10.4594
8.35671
13.026
11.0095
7.36186
10.0508
11.4243
10.8617
10.7674
8.70794
9.56587
14.2642
4.23251
5.65866
11.8222
6.02749
7.88405
14.1545
8.34266
10.9353
12.6376
5.22305
13.4115
9.7451
11.4062
8.47962
11.5149
9.78124
5.6834
10.0487
10.5972
10.213
14.1908
11.7971
8.52361
6.91515
8.78058
17.0553
7.68067
7.62034
11.0508
13.7506
10.3381
9.76281
9.67205
8.37153
8.7838
8.81373
14.1678
11.9288
9.43178
10.0298
10.2672
8.87878
6.51441
11.0949
9.19828
8.94826
10.9046
11.6662
9.9476
5.80349
6.68332
9.30082
3.81721
6.97849
10.9236
11.4955
11.674
5.97123
6.73332
11.6426
10.4829
10.377
9.41089
7.66742
10.7401
5.26819
11.8357
8.24259
8.13683
11.4968
12.6763
8.12978
11.657
13.7827
9.93261
12.1683
9.64094
13.5386
9.61154
12.1062
12.1233
9.78483
14.7355
2.99512
11.3131
8.56636
9.3485
12.8889
11.0027
11.5701
7.33859
7.92598
9.28407
10.5647
8.82971
8.26648
9.43824
8.94109
9.5014
7.3993
11.8607
14.4893
5.75022
6.0351
12.8929
6.74553
8.80471
8.65889
10.7465
9.14231
14.193
9.51511
11.8603
15.8906
13.2662
14.401
10.6899
5.83215
15.602
12.2919
7.50337
12.0934
7.53777
11.4791
12.44
8.82532
10.4003
6.49795
4.08525
7.21299
6.16421
10.5684
12.7881
12.1049
4.45309
9.61831
8.68866
9.08591
11.9148
13.2779
8.78865
4.60633
7.16656
7.19691
7.526
9.38415
8.7313
13.1796
10.9387
10.3429
12.8056
11.5604
10.6464
6.67073
9.8065
11.1702
11.7101
11.9886
11.5141
7.30305
10.4174
6.22901
11.2604
8.733
10.8642
7.25212
11.8331
13.8891
9.25291
11.7374
7.62584
9.34969
9.79016
11.7771
12.1233
10.2485
6.41472
7.54796
10.3815
9.03919
11.8646
11.4921
7.17305
12.0612
8.5715
8.64866
13.44
8.01263
10.7506
13.2995
9.79043
9.91073
11.2727
14.3929
11.5316
9.58148
7.57125
11.416
9.53499
11.0839
7.88688
7.64636
12.8287
12.0077
14.5844
9.76294
12.8383
9.53304
12.4189
10.0497
8.47011
8.29101
11.912
8.29997
7.14406
15.0751
16.9763
8.35477
11.3285
12.9033
11.081
10.8989
11.5961
10.4884
14.3906
12.6302
9.94642
10.2806
14.6654
11.3722
9.56875
10.7675
10.7053
14.2542
11.8935
14.4901
11.5466
9.13095
9.95728
9.03726
9.10057
6.20563
8.62782
11.7143
9.97938
13.1757
10.7721
7.59863
10.2575
14.301
9.83431
15.1406
13.1241
8.86059
6.78125
10.8307
11.117
10.978
15.5103
8.25011
13.6101
12.737
10.3648
7.02172
10.7203
13.6175
11.9199
11.6091
7.75924
8.16397
12.1448
12.2432
6.04077
10.5953
8.58603
11.7307
10.9219
11.4445
9.82499
7.73651
8.31689
10.8146
9.41396
6.5753
14.2653
10.4058
9.27382
8.64717
10.2226
11.435
4.87812
10.4887
10.9658
10.5798
9.83848
13.71
13.3486
8.57383
8.44077
10.9581
8.74559
8.1255
8.04086
6.73104
11.588
11.6835
3.50198
12.6773
11.5194
10.6419
12.6071
6.04741
7.67051
6.91465
9.92441
9.96687
11.4476
10.9511
8.3265
8.81153
9.44148
12.1292
10.2134
12.1694
6.50314
7.68665
14.7137
10.8518
9.39041
8.57586
13.3231
11.6834
7.45636
12.4922
12.3406
13.3084
13.5917
8.40771
5.08587
6.47792
5.71696
8.18853
12.7706
9.81193
12.0027
9.66487
10.9008
12.2437
8.7432
4.96756
6.80072
9.54055
1.74542
9.19832
11.14
7.06814
8.84088
11.858
7.4006
10.3062
13.645
11.2585
8.13454
12.7822
11.1259
8.01291
11.483
9.92471
6.13312
11.4899
10.1298
7.9427
10.046
10.609
9.51972
11.0652
11.4628
7.85966
8.84521
11.4602
8.721
8.88964
11.3694
11.5817
11.2773
6.30793
12.1312
10.3863
9.44387
8.06535
15.9732
11.4247
13.1757
8.86692
10.2892
13.4966
11.3473
8.79882
9.22622
9.05306
3.51532
10.7565
12.7993
7.78921
8.21285
10.9448
13.0947
9.93202
12.961
9.45905
11.6319
10.9882
10.1719
9.51783
8.94529
8.2619
8.18559
13.6154
8.39594
12.1797
6.73007
7.59068
9.53875
8.37984
10.8721
12.3856
9.48634
9.7094
11.5469
11.699
9.68064
9.50016
7.76311
11.4098
8.2848
8.72522
10.4213
10.9588
11.2677
13.2062
12.5617
10.3452
10.8621
10.5265
8.91176
9.10828
12.5957
7.79754
10.9238
10.6906
8.1293
12.7138
12.0701
12.0971
9.52352
10.6194
12.1086
11.8012
9.73982
7.18896
9.6997
11.5371
10.641
11.4136
12.3104
11.0582
8.00208
11.4024
12.0191
7.95245
10.1883
12.0841
3.69879
8.72399
12.1798
11.779
8.0984
12.5941
5.69338
10.897
7.9087
5.54968
5.73151
7.87987
10.336
11.172
9.90877
13.6725
6.93451
10.2685
4.97657
7.46658
14.1118
12.5466
5.86512
7.52997
8.60667
11.6431
6.65504
8.9529
9.41275
10.9912
10.2248
15.5426
6.19026
8.00814
12.2298
10.4018
13.7965
16.4886
9.93929
9.09412
10.4481
10.4963
6.01482
8.69701
10.4504
8.23102
8.45499
12.6866
9.82211
11.8646
11.0758
2.68491
6.51216
8.22796
11.8908
11.427
9.25828
10.5043
10.6968
6.15292
7.46545
10.2512
10.7261
9.09113
8.99107
16.2886
8.69196
5.5952
11.8902
8.97088
10.3923
9.46223
12.6537
11.4251
11.8117
9.41479
10.711
14.7536
14.2755
7.85217
11.8381
10.2628
9.37506
10.0762
12.848
9.42262
10.3309
11.9544
12.3562
7.66564
12.645
2.74002
8.05812
10.4009
9.16666
11.1797
9.79756
14.4645
10.8279
7.7962
10.8216
6.32818
12.7299
13.8001
15.169
4.77299
8.41267
10.5454
10.5025
9.65397
15.4448
12.9656
12.8757
8.00799
8.67114
8.07427
9.99198
10.9029
8.24371
7.18262
12.7432
11.5212
9.61414
11.111
15.7457
9.58974
9.08891
13.3266
12.7787
10.689
10.5738
9.15547
6.81722
7.20314
12.8341
10.9638
12.0198
6.98725
7.58514
11.8747
13.5721
11.969
8.77965
10.9018
13.1191
15.9532
7.47399
10.8312
8.20774
11.0688
12.477
6.57216
11.653
7.27707
8.87094
13.1548
5.26134
8.20768
8.15948
10.2074
11.4357
9.90234
7.04187
11.3053
12.206
3.7373
10.8197
12.7169
11.3656
8.39571
9.63684
5.88857
9.76667
5.80698
12.5414
10.1035
5.7307
6.23113
5.02138
11.4009
11.6629
7.70231
4.34844
9.65305
11.559
11.934
17.4712
9.08383
9.92138
10.9262
13.26
10.141
6.86656
11.2407
7.60448
13.2096
8.33145
10.0864
8.4349
6.70084
10.9479
9.33366
10.2669
8.122
6.83131
10.1939
8.74673
6.75224
8.07843
5.05189
7.77396
9.56984
9.62037
6.75699
10.3231
9.80132
8.28341
7.8988
4.35076
9.33031
10.0769
8.76948
14.642
10.7887
11.1995
12.3502
9.50206
13.8333
2.43966
7.41604
10.3534
9.60735
14.1989
6.18342
12.7075
10.2513
4.843
6.85765
6.36504
11.26
7.9647
11.5762
8.87362
10.2823
7.41796
14.1336
8.21285
8.87442
12.1441
13.1153
6.90948
8.25872
3.53117
5.79007
10.3462
6.31693
12.9112
7.95377
10.6133
11.6917
8.63464
6.92463
8.17332
10.9256
10.6577
14.6719
9.94224
11.9795
10.0412
9.74526
11.6331
10.6104
16.055
11.5136
8.5184
8.99207
12.2221
6.35118
12.6929
12.5825
7.8815
9.89377
12.9498
14.0237
11.8999
14.3017
10.3098
11.4832
9.95024
11.5496
8.94971
10.6197
7.69459
10.2639
8.84054
8.61065
14.8382
9.3477
12.4909
12.432
10.0243
11.2654
8.46903
11.9403
11.3822
4.89001
9.52886
7.68056
9.97762
13.3322
11.1831
9.25795
8.6057
8.1324
8.91708
11.025
3.01376
10.6327
7.25588
10.1107
10.8431
6.25976
9.30544
6.75234
10.6514
12.7408
9.31806
5.40247
11.0004
12.1052
10.0127
9.14307
7.44769
10.9679
10.5643
11.1167
7.00335
15.5795
9.86525
7.69788
10.5663
11.8133
10.3116
11.9246
9.43256
8.42331
9.89739
7.93948
8.79293
11.7782
12.575
9.7996
9.22836
12.23
9.18575
10.1619
13.6033
6.59143
9.13845
4.57616
3.76978
8.57547
7.27143
13.7837
5.27257
11.9585
8.96606
9.94835
11.3841
5.5688
10.9029
11.9039
6.56883
7.13982
11.2701
15.5458
9.71183
6.75753
13.8443
9.41132
11.3572
7.93319
11.8
8.90809
12.0701
9.54196
11.4781
9.83279
12.7644
5.6641
8.03473
6.85311
11.792
8.80434
7.89818
9.60634
13.3176
9.43045
13.5105
9.39007
13.2027
10.1512
11.1646
9.63194
11.3477
9.6381
12.8354
9.76536
13.4408
12.6499
11.2769
6.46771
6.77317
12.1568
10.5048
10.5606
6.58054
10.8558
8.9126
9.84868
9.50556
9.25304
10.2525
7.71158
14.3655
8.38
7.96786
9.48989
9.79143
12.4963
8.08201
8.39725
8.37706
12.3954
17.217
11.4383
12.7846
8.63275
11.8883
13.4683
12.9654
11.745
7.53229
10.626
13.5495
6.61322
11.4866
11.0255
12.5136
11.1313
8.90637
6.91867
11.7523
13.9598
7.85221
12.8148
9.76915
10.0894
8.49197
9.35741
7.77559
12.812
5.78267
11.341
11.6064
10.1002
13.5488
4.90959
9.31944
12.0342
11.0129
12.0182
10.1664
5.68694
10.5665
9.75515
13.3447
4.84815
11.0811
11.2547
8.97812
11.8389
8.44428
10.0309
7.90237
10.4976
12.2462
8.01863
13.677
9.99584
4.8664
13.147
9.38888
13.1622
10.4222
10.2239
9.52476
6.89402
4.39361
8.0177
7.80695
3.8168
13.8596
10.8896
12.5252
9.55548
11.0863
7.30846
9.7279
11.2298
10.9253
6.48081
8.34243
12.0117
10.245
4.17191
9.81593
6.96459
9.23724
7.6398
12.679
9.43713
13.8603
11.1218
14.6992
11.1647
9.08736
6.98319
10.5789
6.9328
9.63921
11.1337
14.1653
7.14254
14.0158
12.2643
13.4764
12.6749
10.9558
6.82327
11.5369
9.25829
3.10945
6.1495
14.713
9.03205
6.06157
12.6073
10.7119
10.1896
4.70077
8.41538
11.9097
6.10943
9.63736
10.0537
11.2457
11.1343
12.9906
10.3536
10.4033
9.92789
9.68099
8.7491
9.00772
11.1858
7.60078
9.14777
12.3691
11.9972
8.1978
11.1671
8.04105
7.88491
11.259
5.59269
10.0998
8.9302
7.95421
9.73737
12.786
11.6723
13.1844
8.28314
12.0653
10.5026
13.0543
8.87142
12.1352
7.35034
1.90965
5.90416
8.7077
8.75066
11.3448
11.1479
13.1905
10.534
8.28311
9.22394
12.5021
9.23063
10.6892
10.3291
9.44832
11.7964
7.47126
8.37495
9.32535
7.25947
8.10052
10.2085
8.55618
9.16378
7.7529
12.3788
5.5628
10.7727
12.2249
11.1397
10.4131
6.88139
5.56418
9.19082
7.13589
5.73123
10.7817
13.1323
12.3187
8.91556
6.72994
11.7141
10.2996
8.25699
9.73484
5.96163
9.94066
10.4833
9.20227
10.617
14.8451
11.7099
7.49176
13.0081
11.1881
7.42699
8.38042
8.2583
7.97617
8.01451
12.4665
11.4874
7.55353
11.8881
10.4305
15.1353
13.1475
11.0942
9.96127
12.5119
9.34943
13.753
9.88921
9.05546
6.35386
7.44317
9.66298
11.1953
9.19459
9.4693
14.718
10.9851
12.0817
7.56656
12.7714
11.7758
13.0028
6.28633
6.91143
9.09716
7.81817
10.7273
12.4038
10.0628
11.3333
8.68434
8.69016
8.18405
9.7524
13.3392
12.6155
5.80029
9.38805
8.51806
10.5106
8.16119
7.41706
11.975
5.62193
13.0564
9.90511
8.12318
7.63776
11.0781
11.7913
11.248
6.63055
11.1024
9.69052
9.14644
8.75958
13.0469
10.4965
5.4742
10.2253
8.81828
11.2353
6.57015
10.4561
6.9965
4.74247
7.22145
10.5966
13.3281
10.766
7.84127
11.7017
3.07281
9.22475
12.1885
3.73626
6.98718
10.9291
15.2801
13.7215
16.3649
12.6443
8.12819
4.5089
9.9673
12.3099
9.49338
10.8749
8.17918
11.0024
13.822
6.82454
11.9347
9.88998
13.3639
7.30407
11.0959
10.3556
12.373
11.403
8.99293
8.99618
7.34966
10.6203
11.267
9.74104
10.4479
7.7772
8.30819
11.3378
10.4595
15.625
8.74477
11.1663
8.25436
12.0539
12.3306
12.0832
8.0146
10.8541
10.2409
10.056
11.8995
11.0608
8.81614
8.4559
10.6408
13.8071
7.94075
10.2992
11.2814
9.87029
12.468
8.53023
9.87777
9.9975
6.1666
8.98443
12.4041
6.33877
10.1327
8.91755
13.0298
8.06863
10.0406
6.75459
11.6405
10.5691
12.3142
13.4001
9.37456
11.1983
6.89666
9.46944
9.29688
8.30379
10.1057
10.7381
7.47168
6.47872
15.1128
9.81066
8.64315
9.12929
6.75353
12.7343
9.75939
9.62763
9.16282
9.95241
11.5588
12.5489
9.87851
12.9403
11.6404
12.578
7.27213
7.85211
7.34589
10.6097
7.33965
8.65152
6.85637
13.3038
7.47877
11.6211
10.072
10.4831
9.93241
13.1327
8.99139
11.8921
6.09477
7.81396
8.55992
12.6679
7.3014
6.16846
6.96626
10.539
7.57416
14.7468
5.77295
3.87796
6.94571
10.1259
12.0795
13.3286
12.8379
10.8667
8.05781
9.7113
12.5046
7.55451
7.59178
17.2255
10.6977
9.1987
10.1322
12.2201
13.6915
8.9851
11.0695
12.9814
9.41226
8.97018
14.6863
7.55782
10.3934
11.4884
8.98093
10.5048
10.989
9.11288
9.98799
13.7772
12.256
11.2179
11.6099
13.4077
5.44293
10.0404
9.10748
11.3779
11.0956
10.9504
7.59913
11.0152
12.0073
11.8949
8.75143
8.99712
11.5841
9.18897
4.26819
10.6425
7.67575
8.77467
10.2531
11.6798
11.6479
10.9079
12.9732
5.90418
11.0827
3.81178
8.49557
10.5286
10.4286
5.40138
9.75885
8.22148
9.02982
8.99147
8.63239
10.0189
9.70563
8.75993
12.274
10.309
10.2961
10.8455
10.0524
11.1186
13.9105
7.20658
8.0117
8.64882
10.1814
11.3405
11.6079
8.08523
15.7486
8.5315
13.3352
6.17415
12.5053
7.29704
10.0986
9.24819
7.10593
11.1142
4.85135
13.7698
10.2186
6.15636
8.06502
8.98603
9.08014
7.04474
9.93727
12.7352
6.61189
15.5813
8.69683
13.3071
8.2151
8.25916
6.95836
9.98189
12.8827
4.39723
13.6735
13.6181
11.0791
13.6967
4.59504
11.3713
11.6961
4.64393
1.62826
9.22098
9.8056
10.1402
7.79862
11.5342
9.96851
9.10341
11.9804
10.9244
11.1861
6.31879
10.2672
15.8092
12.1468
9.46869
11.5839
11.9452
8.30582
7.77615
8.72189
11.2032
7.52843
11.2723
7.62667
10.6326
12.1055
5.27151
7.02297
14.0104
7.23979
9.59565
10.2948
8.49649
9.91544
9.19813
10.7113
8.83757
13.6697
8.62231
10.9534
9.88924
11.7701
8.9629
10.4012
11.8626
6.17328
9.7694
8.50121
10.8614
11.3185
14.8126
13.0199
12.1554
13.392
11.1901
7.69488
10.8291
12.2318
9.1115
7.14092
7.11947
14.4652
12.5022
10.765
11.7923
10.1831
8.00512
8.00919
10.4399
7.47708
10.7023
10.8092
14.7732
8.88051
7.11895
4.79088
5.77532
15.0087
11.3052
10.0627
10.5827
12.5366
9.00219
9.98174
13.8503
13.6636
11.4822
9.29404
8.65321
8.96164
8.76032
9.15947
5.6242
12.0481
10.0184
11.3927
6.37908
10.5149
9.3978
11.5016
9.65257
7.67648
14.0963
11.4623
10.3415
10.9578
4.11142
7.39444
5.91332
11.2463
8.56496
11.4979
7.09404
10.3822
9.0425
11.1292
7.04499
5.4847
10.3917
9.58395
10.5122
6.20544
5.17444
10.5352
6.74788
9.69405
13.8083
12.077
11.7857
11.2913
9.18963
10.9855
3.79396
9.46314
7.58054
8.34087
15.1492
4.5924
13.3386
10.6544
8.5013
11.1972
14.3165
11.24
8.94182
14.405
12.106
10.7028
12.2364
13.7079
12.0278
6.82783
15.0816
7.56759
12.9588
5.95892
8.442
10.787
4.61799
12.0955
11.4539
5.73085
13.2138
11.2
8.35193
4.60175
10.7567
6.88401
10.0941
9.56892
9.79799
6.31153
11.4207
8.25866
7.18241
10.0785
10.6878
11.4461
12.423
13.91
12.8627
6.05449
9.00926
2.75798
8.74449
10.7524
9.44663
9.52317
8.52303
16.6305
10.8494
9.23945
10.4783
9.20774
11.407
8.40428
7.49393
6.51372
6.82777
8.36808
10.4931
6.59838
6.55486
10.3278
7.41404
8.38789
9.04435
8.11916
10.0566
5.99076
13.1984
13.0756
8.5792
10.2529
10.924
8.13477
7.68816
8.05669
6.52343
12.136
11.0361
11.849
10.3041
4.73489
7.80125
8.42082
14.1195
10.693
8.4144
7.66054
12.5318
11.1427
7.34415
8.52713
11.6321
10.589
8.72763
12.2662
12.4297
11.376
13.5189
8.19924
11.9664
6.88173
8.87266
9.78962
9.27558
13.5851
10.5734
10.8323
8.70706
9.90779
9.72155
7.84322
10.0492
7.88187
9.95539
7.25006
16.7239
11.9511
10.2824
6.81077
7.68261
11.7789
10.8387
10.4937
10.3805
9.9524
11.2706
10.6389
12.5499
12.0596
8.20455
4.78766
8.69903
4.16379
5.54845
12.2722
12.731
6.56003
11.685
10.2184
8.71106
10.8407
11.4975
12.4206
7.60771
10.1304
13.049
13.1644
14.0913
7.7207
10.0488
13.4295
12.0407
8.78697
7.45745
13.6462
9.70747
10.327
14.6596
9.92903
10.9747
8.32255
10.4233
10.4208
12.9133
12.0393
13.6986
7.56551
7.74033
12.5144
9.6415
10.8302
12.5072
11.2287
4.5371
8.63751
6.76504
9.89266
11.1592
14.515
7.81777
13.561
8.49145
11.3758
8.08577
10.4168
14.5352
10.8878
8.2814
9.89322
10.1031
14.1666
12.2613
9.42798
12.6081
17.4574
14.4209
9.94119
9.82384
8.83876
10.3702
8.63457
8.43638
12.6301
10.9739
10.2345
11.5142
12.9457
9.37447
9.13045
11.9469
11.4293
12.8942
8.22638
9.16093
10.4184
10.0921
11.5851
14.0404
9.60022
12.8459
7.80274
11.6299
10.2962
4.34123
9.22148
10.516
9.60212
10.5963
15.1223
12.4892
8.01053
11.2207
6.01243
11.4551
9.79089
12.6011
11.4025
13.6095
10.2562
6.74446
8.83677
9.26493
6.46942
8.32054
9.82079
9.34027
14.4563
5.88266
11.22
9.19924
9.97769
9.0807
8.34773
8.97211
7.05655
7.85522
3.5601
10.8642
13.0691
10.6314
12.7267
12.3076
14.5015
8.93372
8.12482
8.82163
10.1059
11.9255
9.29861
12.6939
10.2535
9.32287
12.8439
11.8079
7.3465
12.9863
10.3127
5.62558
9.42952
8.70537
10.1692
14.5954
1.29623
7.13526
12.622
12.003
7.73174
13.0239
7.93073
13.7466
6.80669
9.60628
7.41826
8.80175
11.9131
10.8518
6.37139
12.3274
7.43261
11.1864
6.48871
10.6251
11.022
13.176
12.963
10.6814
13.4881
8.69936
8.71071
12.5034
11.1277
10.7272
10.1196
10.7308
9.88371
11.3126
7.48755
14.6137
9.35743
8.58224
8.13107
12.6258
8.67185
15.5715
13.129
9.80352
14.9262
10.9784
15.0116
13.8256
15.5379
15.3684
13.2221
12.2681
9.7454
12.0149
6.00829
8.01371
11.9874
12.1129
13.1171
10.7534
8.49629
10.1196
10.3099
13.5123
11.3329
14.1918
9.67235
10.1771
9.17153
10.515
13.9715
10.7471
9.97191
11.3518
13.9728
13.6393
9.89364
10.3851
6.69701
13.7777
10.2137
7.2042
7.99917
13.7024
10.5784
9.12318
14.0698
6.76358
7.99075
15.6721
7.16245
10.2313
7.44846
5.23286
12.3101
9.77665
8.91369
10.1117
9.48698
4.29223
8.33764
7.63089
10.7724
11.1999
11.3168
8.85008
9.97209
11.1779
10.4226
8.04334
13.2153
8.45585
13.5573
7.44463
9.05168
8.68959
8.03361
12.4368
9.10788
11.8051
12.5469
4.40623
12.3187
13.3976
15.9771
8.50242
3.92668
11.897
9.98198
10.4979
9.38645
14.0251
6.68687
10.6475
15.7463
11.6352
7.58239
9.67281
7.16643
8.39586
10.0259
12.3581
9.17597
8.90811
11.519
10.9916
10.4955
16.0172
7.91837
8.83859
8.49756
12.0843
14.7366
5.86461
10.634
9.9176
10.9476
15.4961
5.29673
12.0434
11.0082
11.9143
10.5025
8.69037
16.5665
12.5072
12.0229
6.9437
6.56437
8.07619
8.03525
9.79309
7.87251
11.6173
7.86974
14.6745
8.0051
4.89621
11.6741
8.71653
7.96787
14.6799
15.1453
10.7004
12.3439
10.7356
8.92327
10.9874
9.10457
7.15295
10.2645
4.67335
10.4028
10.9396
6.19076
11.0031
12.7857
11.4545
6.67147
16.5399
12.4253
8.15155
14.9008
10.665
12.0645
8.87759
10.6388
7.04479
8.05462
8.88392
8.2616
9.21771
15.9657
14.8954
12.7585
6.73651
8.41297
15.1066
4.45897
12.9521
12.1448
12.267
7.28751
11.9739
3.23399
9.93739
11.5315
7.49235
10.5161
14.7568
10.3847
14.1987
10.1655
5.61113
8.81439
5.18641
11.3367
7.9375
11.2494
4.87059
10.7866
8.66647
8.47576
6.65929
1.97711
8.27526
9.7268
8.80709
13.3664
7.52578
9.36865
7.92792
10.3894
7.3382
9.25986
10.277
4.54969
8.61755
7.14252
9.29465
8.52827
12.223
12.6045
11.9947
11.0024
10.6176
7.75019
11.053
12.5059
11.9408
7.69111
10.0802
11.4655
12.5751
8.45371
10.2402
10.8734
10.2258
12.0775
11.8331
10.0985
11.0497
7.71542
12.5911
11.2327
11.152
9.08934
5.42599
9.34819
8.43121
11.0988
13.2328
10.5701
11.7644
13.7154
8.80614
10.1291
10.931
8.03765
10.1405
9.62923
11.2813
13.6683
7.8874
9.89562
12.9995
10.3053
10.7429
8.48409
5.98752
8.32529
10.9029
11.0394
14.9992
8.37552
11.1223
5.96136
8.48958
9.09002
6.75363
7.74329
10.0537
10.155
11.0108
9.54966
11.8554
11.1456
8.04476
13.064
9.81017
4.92989
9.84539
6.14218
8.96614
9.40114
8.75928
7.86494
12.7757
8.03536
7.71817
9.28552
9.01845
10.5734
8.83328
9.17752
14.0788
12.8639
10.1138
6.33843
10.631
10.5328
8.15892
5.79646
8.26357
7.26158
7.85938
3.90519
7.54432
13.9316
10.2641
11.872
13.8771
6.21138
7.98113
9.88998
9.92406
11.3498
10.4408
10.4833
6.7099
10.7653
12.8647
10.68
14.8582
9.13155
9.36442
9.76022
6.26318
11.7738
14.1404
8.36658
10.9441
14.1597
7.10817
8.16729
9.23323
10.0774
6.98284
5.95391
12.5186
7.41508
10.5557
11.3391
6.77052
10.5825
10.3822
9.06195
8.50202
5.36883
12.0479
8.60988
3.14367
7.06906
8.45488
7.18499
9.45005
10.8705
6.68529
8.7413
8.43569
8.88215
9.31979
6.33678
7.31424
12.2396
13.8737
13.9488
9.45789
15.9776
10.8118
7.81321
11.4464
7.73415
12.7203
8.543
12.5377
11.2547
8.1253
9.33313
9.22741
8.85825
8.72501
7.33205
10.4697
11.3271
8.15921
7.36096
12.2969
7.41357
10.8336
11.5642
6.86694
7.26311
12.8286
6.63322
10.3534
8.22955
6.17778
9.34757
10.3368
11.9148
6.99192
13.6058
9.36883
8.21479
10.8696
13.7724
4.22776
11.7328
13.5033
8.65919
10.6202
9.31726
12.5144
9.31267
10.0958
12.3292
7.64391
8.53269
7.09973
13.2127
10.175
12.6893
9.49808
8.97193
6.75189
10.1477
10.1297
8.82276
10.5886
5.5956
3.73329
10.7235
7.91989
18.0196
10.3575
10.173
6.62378
10.2838
12.9808
6.49837
8.64354
7.82556
2.1028
5.36123
10.1977
11.2029
12.0601
11.1697
15.2178
13.7082
10.6057
10.8437
7.7798
12.334
11.8235
7.82348
10.6767
10.0365
10.5114
9.68379
13.1273
15.9403
10.7462
10.969
11.3475
7.98438
10.6123
10.6584
7.08416
12.0807
6.18364
9.35072
9.11354
13.0136
12.1535
11.2211
11.3277
6.8437
8.85925
12.4671
11.3658
13.5155
9.68526
8.49705
5.45955
12.2374
9.71818
11.6278
12.4422
12.3417
12.8404
11.9184
5.2461
12.5859
7.26758
6.41106
9.45797
10.8378
10.3485
14.17
9.36885
7.83294
14.4751
7.77687
8.69247
11.9964
5.04118
13.235
12.6881
7.25935
11.5765
9.05543
7.02973
11.5443
8.93138
7.04671
11.6158
7.40399
9.98267
10.1768
9.00741
8.9994
12.1497
9.44767
9.50563
11.2366
6.84974
8.2551
9.82437
10.2532
9.32173
9.1825
11.4189
7.84632
10.9021
8.56463
13.4192
6.12611
10.9294
6.7931
9.65846
12.6643
8.57241
9.25697
9.43108
12.6628
13.6998
11.3388
5.97782
6.33995
8.84909
10.8982
9.91359
12.4772
5.75988
6.21176
11.7789
6.5957
12.8684
8.80903
11.9554
11.1558
7.52956
10.8503
11.9461
9.17264
13.6663
12.8087
9.89807
10.8267
10.0101
11.9619
12.3263
8.41406
6.13886
12.848
11.1088
6.38921
10.7086
8.5735
8.63549
12.3957
8.83797
13.8303
13.8582
14.0406
10.6411
8.80291
9.05067
7.77251
14.2444
11.2634
12.884
6.9261
9.49365
9.43898
7.78711
6.89591
9.71138
5.33356
11.6422
8.51582
7.57657
8.86699
12.4652
15.9917
9.47969
11.6966
9.51308
10.9656
6.11052
10.5768
10.1049
12.0558
7.1468
8.25174
9.77419
8.11753
6.49212
7.70915
7.53412
11.0742
9.67764
9.63757
7.35224
9.98849
4.13295
7.41686
9.23793
14.131
8.45471
8.90308
12.2506
8.39175
10.6613
6.16772
13.1403
10.7605
11.0097
14.3532
10.6963
12.7771
7.73637
9.04402
9.14884
6.87998
11.0047
9.89832
11.0514
8.14255
6.14233
13.7226
7.5477
7.96224
11.8593
18.0447
9.9195
10.9514
7.18231
7.67192
9.94204
8.85011
7.40585
11.523
10.0348
9.46677
9.18247
10.6937
12.7684
11.8028
9.82965
9.79512
3.9079
10.2313
8.86435
13.975
11.3447
10.4593
6.098
8.1232
13.1327
10.0429
9.81754
7.2258
9.53711
6.50217
5.64123
5.4297
12.8487
10.4093
7.4242
5.69352
7.91607
9.21916
10.2657
11.467
14.8759
10.5442
8.58241
9.68364
14.3794
11.1791
8.60128
13.3584
7.96814
10.4223
7.82086
14.6974
13.3365
10.5239
12.3777
10.329
9.75693
7.26813
12.8641
5.94427
12.6677
10.0388
8.89071
12.4915
10.6591
8.2946
9.19239
8.26628
12.5348
6.55981
7.17905
7.87713
13.2855
6.82232
6.63818
11.1491
10.9381
5.69716
9.34085
9.8937
7.59773
7.08831
12.6829
15.7538
11.0666
13.5278
13.5244
11.0405
9.84595
7.86551
3.1197
5.5336
10.036
12.8415
8.55303
14.648
9.10766
11.7921
7.16079
9.76352
12.8659
8.86514
7.56891
9.47795
10.6797
8.99284
7.28398
9.49924
7.23352
11.9666
6.03584
9.82438
10.384
7.91954
10.0463
11.3039
7.83683
9.53509
10.2739
10.6614
8.76278
8.78451
11.6185
9.58841
10.5433
7.0622
7.10695
8.52814
6.42695
8.72072
9.09344
12.5037
6.71203
11.4167
9.31859
7.99153
12.5245
12.1236
10.8866
8.44463
7.76812
9.76927
9.80438
16.6198
5.69876
8.16369
12.4395
10.6595
10.9528
9.01128
10.3485
11.7732
12.1717
10.7617
14.1303
13.9373
14.4035
9.86501
8.56189
8.05835
9.85538
7.20565
7.29467
7.96097
7.9985
12.386
11.3648
6.14516
8.84889
7.53282
9.01798
10.88
12.1852
9.84949
9.1456
13.3972
11.1592
12.3663
9.67504
9.48242
11.6056
13.4407
11.3232
9.24382
10.5909
7.33903
11.4497
9.16351
7.93251
13.9546
9.04
11.5685
9.40461
13.7377
10.2696
9.45759
6.48549
14.3542
12.1988
15.1458
9.72231
12.572
7.07885
11.0373
8.8502
12.586
6.56297
2.11769
9.76296
7.64513
11.2696
9.73832
12.1013
8.45577
6.86927
2.32104
8.3882
6.82786
11.2785
7.60413
9.04817
5.38647
10.3291
5.83441
7.62123
8.03083
10.3976
13.1922
6.21216
12.3479
9.06233
13.5195
10.6513
10.2862
12.1147
14.8906
11.662
12.7304
8.89853
8.41768
12.5758
5.69033
7.92522
12.6929
10.613
8.22806
10.1248
11.5105
9.15212
18.7146
9.95113
14.4104
8.7572
11.7039
9.4489
12.4186
7.0412
10.8633
6.29108
9.09666
9.13645
8.49802
7.40943
9.81597
8.10552
10.6617
10.2724
12.1957
11.8466
11.1518
9.81531
8.31385
6.96694
11.4987
5.99599
6.565
13.5314
11.2808
12.367
12.2314
12.5472
10.5574
9.70792
9.75219
14.0366
9.32517
7.54581
11.72
13.1305
11.8442
8.64529
7.2374
14.4662
12.314
9.8515
13.1727
10.3864
9.13109
7.7962
11.2554
11.0148
6.46354
11.4208
13.3941
15.8216
13.7771
8.67245
6.57913
10.1605
14.615
7.37114
9.43195
8.94455
9.79114
8.72325
7.28393
10.7756
12.2166
9.35284
11.9422
8.59231
10.9766
8.24589
7.52456
8.34772
9.26309
11.2386
13.3182
13.3077
11.6901
11.8164
15.0789
9.16616
9.15195
10.452
11.236
8.53677
12.8487
7.40766
9.8552
11.0802
10.2034
10.2259
11.1147
8.63737
8.89428
5.57886
7.16449
10.1898
11.2847
6.78219
12.3406
6.24472
7.92354
10.2144
14.1854
8.45057
11.3389
7.60039
10.9865
11.8444
7.22197
8.77741
11.5268
5.59804
9.05166
9.85131
11.6917
10.671
7.47437
13.8515
9.13745
9.54578
12.5303
11.4562
13.455
12.4684
13.0317
11.8284
10.1634
15.182
6.10024
11.0572
6.75824
11.3508
11.6752
10.0415
12.1638
9.05481
13.6383
11.536
14.2878
6.19645
9.37754
12.1827
9.15258
10.1191
10.0409
6.60938
5.46497
9.56951
11.8587
12.0475
8.95892
7.26149
10.5739
8.68047
14.3733
14.6003
9.81949
7.85008
9.95712
7.79465
11.9587
13.527
10.6596
9.19039
13.6736
10.2303
11.5132
6.50678
9.73239
10.5542
9.61012
10.1166
9.95531
8.18264
8.21513
11.031
6.14063
10.547
12.9276
13.5639
12.4781
8.21655
8.45619
6.91867
11.9775
10.1723
8.97477
7.76573
6.13226
9.85427
7.99768
8.60527
11.4809
7.17735
9.09277
9.52522
11.6658
11.9491
6.21222
5.07144
8.26233
9.64921
4.25359
9.05643
10.6192
8.97013
6.58217
10.7417
6.65871
8.58878
11.5606
8.82009
12.1111
14.0763
6.71858
4.66687
6.32185
13.8084
8.6002
13.5507
13.5792
6.15505
11.0251
13.2992
7.19493
11.7504
8.86594
7.71438
10.666
9.4627
10.1607
12.6094
10.3722
9.37022
11.322
13.4106
9.95467
10.2109
10.1594
12.6499
13.5507
5.87833
14.3236
5.70348
10.118
7.93084
7.01441
10.292
10.6384
8.48828
9.29634
9.98566
10.109
11.3895
8.89154
9.79607
12.4505
8.65007
8.22685
11.0115
12.4675
7.01633
9.89309
11.9044
8.59965
7.66543
12.5773
9.65734
9.03637
9.1655
10.7072
13.2493
7.60213
11.0647
13.0002
7.70301
10.7646
9.47276
10.9454
11.4132
9.68768
11.7461
10.4554
9.64609
11.4195
10.3893
4.41599
7.74871
10.918
10.003
8.80998
7.38968
13.5256
6.88786
7.93556
11.36
11.1152
8.77639
9.04902
10.2848
10.1513
9.61678
4.74736
8.19163
10.8683
7.78762
14.4047
12.3132
7.33883
10.4696
6.35383
5.73522
13.2421
7.96239
9.86099
8.67239
8.09816
10.4399
10.8391
8.20235
11.4514
11.3381
10.6421
11.3726
9.73036
6.76073
12.53
11.7824
6.83729
7.58728
9.86376
7.02156
9.46023
9.68667
7.65282
5.08661
15.4629
9.44872
6.40707
12.5847
7.52657
6.17562
16.6429
12.9529
12.536
11.9901
10.7177
9.46193
9.96731
12.3186
11.392
10.8081
7.04846
5.66741
10.769
9.6104
8.72399
7.42263
12.8189
10.6206
8.87889
6.99657
10.333
7.51974
8.52851
10.5847
11.2085
12.3708
11.9672
3.94823
3.78328
14.816
10.3869
9.62929
12.0009
9.44855
14.4384
13.1082
11.3863
8.05763
10.9725
9.35755
12.0943
10.8881
8.21649
6.8784
7.08324
7.31156
12.3587
9.74845
11.6378
13.6099
10.2778
6.6171
13.939
11.6844
7.4145
10.802
8.31792
13.2022
11.0241
11.5281
9.18334
8.21189
5.02554
7.46446
11.2231
10.469
5.42571
7.83405
11.1577
6.24509
8.30026
11.0853
10.5981
8.12713
10.9891
11.3375
12.9165
8.34588
13.0258
12.8842
8.74091
6.92772
8.17362
9.9462
10.4798
9.37405
9.91303
7.25492
9.53483
9.3414
7.30579
10.6681
8.95504
13.2058
5.25505
8.20445
11.4912
11.6097
11.1498
5.92211
12.8877
13.8491
10.6414
5.96935
10.0645
12.3827
14.585
10.6871
8.66749
9.70913
7.92253
10.1707
12.0698
8.67531
7.44011
9.10747
10.7866
11.1781
8.2974
12.5904
6.62501
10.7278
9.59798
9.04133
6.32987
8.74544
10.572
12.6722
14.8978
15.8163
4.12407
8.75753
8.71637
8.46035
14.3661
10.0257
11.8475
9.50625
8.03946
9.91416
10.9836
9.0252
13.9802
6.32425
5.66937
10.7085
12.7828
9.86278
8.89617
7.54841
10.0529
10.8632
7.29785
12.9984
5.42704
7.45633
9.27001
11.7663
10.0331
9.97296
6.77768
10.2887
10.2324
11.7301
11.4011
7.14878
14.0038
10.4103
11.6634
8.83779
12.8268
11.9096
8.46031
6.5044
11.017
7.57729
12.295
9.89327
4.50695
11.4887
13.6262
8.61379
6.56609
9.72567
4.17516
12.2532
9.79728
12.1833
9.54728
11.7031
10.1988
10.8352
10.8139
8.87272
11.8282
13.9695
8.19032
8.57576
11.1288
8.52981
9.1585
8.43593
12.1984
11.8553
10.6036
10.8761
3.62666
7.23138
15.1922
13.6839
8.02304
9.98192
6.9514
11.1694
8.52151
9.17284
9.46735
10.9958
12.8081
6.23066
6.69529
16.7815
15.8486
9.82569
8.40586
8.61197
13.004
7.72972
7.54605
10.4524
10.7356
12.3488
10.543
7.46683
11.4717
13.1413
12.7527
11.229
7.03014
2.92639
13.3672
8.76462
14.8345
13.1271
9.96938
10.07
13.3275
9.87753
11.1063
11.6861
11.0705
15.323
10.8657
10.0332
8.86349
10.195
9.09279
7.36447
11.8126
11.1511
9.60195
10.0589
7.28156
6.65727
8.29339
15.2265
8.17454
12.5241
8.83451
15.2016
8.61955
12.402
8.59577
11.4981
12.5884
12.3683
6.50451
7.84939
14.4845
10.4368
12.2506
10.2111
8.49066
11.3353
10.4609
12.1262
9.80183
11.0829
3.51966
8.15043
11.829
10.2066
9.74804
9.40152
6.83398
7.09879
12.4197
9.89911
5.75252
10.722
7.32794
11.8806
9.2991
9.1647
8.86449
7.24918
9.68247
5.56953
9.97528
12.0178
8.75984
9.2771
9.84979
9.71848
11.7213
11.0448
11.3067
13.0041
11.0951
11.2766
12.3314
12.3058
11.8795
8.51667
11.9389
8.17585
6.78839
6.19225
9.70721
12.8961
8.75352
8.83861
9.1922
11.4961
10.2259
5.40954
12.3998
12.2002
7.61177
10.9691
13.86
9.44777
5.82379
12.3231
9.10406
5.89033
8.23168
8.20846
7.91276
10.499
10.2134
7.39814
11.396
9.16458
8.25057
9.24945
11.558
9.30681
10.5596
12.2367
8.14075
9.06948
7.85084
14.4305
13.4333
7.42452
9.56866
8.18885
10.6955
8.09123
6.16638
9.51042
4.85875
6.565
9.19369
7.33078
5.94866
13.7693
8.95546
8.27312
6.27935
13.2533
7.63656
8.85952
10.328
10.2814
12.12
8.85216
11.0814
11.1975
9.93889
9.1701
6.16327
11.092
13.565
10.8407
9.01772
8.76817
11.6269
11.1619
11.4676
9.30106
9.80063
11.7293
10.8543
12.5462
10.3075
12.1808
11.8038
10.8564
11.2655
11.1892
9.22214
12.821
8.88787
10.9982
12.2552
7.78084
10.1036
9.98519
9.39001
7.63002
8.72241
8.97724
8.78209
13.7527
10.3917
12.0646
11.3184
12.9531
11.7974
11.8428
6.73392
13.1258
10.2512
12.6496
7.69394
7.99868
12.4419
9.35548
12.088
11.3422
11.6629
10.078
8.7702
8.17839
8.48763
10.8398
9.5692
13.6952
8.73131
12.8692
10.1161
9.27241
9.16263
7.73293
10.0716
9.35188
12.4376
13.4488
9.27039
7.65846
8.87931
7.71497
10.3765
11.3887
7.63325
2.73876
9.79639
8.50813
11.5749
11.6506
8.3847
11.5596
7.8232
9.60992
7.62245
11.7885
11.4048
12.2762
6.80767
10.5634
7.31112
9.02139
9.22138
11.0693
10.5828
8.2772
14.2433
5.30705
11.278
10.6185
15.9927
6.86121
10.6812
7.08246
6.11925
3.54227
10.0004
10.5144
7.75212
12.8336
14.7971
7.73565
7.64534
8.82056
11.7818
8.66415
6.66666
11.7552
7.81512
9.16453
13.3113
9.71089
9.59836
12.2842
8.89208
8.82504
10.8782
8.08188
11.2783
13.3153
11.8818
11.7704
13.9332
10.8641
9.28785
8.1991
3.98061
10.7168
7.56139
9.28534
6.21417
9.72751
14.0644
9.47499
10.3363
9.96968
10.5578
7.47961
10.1053
10.6406
12.2431
8.79208
11.2746
13.0522
6.71238
9.25256
9.17082
6.8359
13.7505
8.96053
8.85234
11.7343
11.6963
13.9268
7.17126
9.47305
7.21025
9.33401
13.5286
10.6938
10.3058
4.59204
9.41617
10.1976
7.91591
8.0887
4.25039
9.55981
9.12408
4.36091
8.53859
9.67539
11.1602
13.1348
10.4172
7.52529
6.23779
14.2295
7.74666
7.3551
7.59911
10.0978
13.1784
11.3496
13.9247
14.9223
13.9464
11.8952
13.2468
11.4392
6.8132
8.63624
11.0241
9.92733
8.24141
7.90208
8.54238
13.5475
8.22833
13.5885
10.7932
5.69184
10.0547
10.9211
14.1334
8.20208
9.03723
7.12714
12.5119
9.87937
10.5447
6.63165
8.83035
12.0312
13.5617
9.24184
6.57661
7.60613
4.99783
6.1666
10.732
11.8158
10.3099
8.36897
7.53743
8.45607
9.55754
16.8196
11.3439
8.71713
14.7211
11.5468
7.97079
9.12795
6.20421
13.3888
9.15041
10.0369
10.5175
10.7416
6.54092
9.97376
7.98099
8.2501
8.88472
11.5275
8.89269
11.8419
12.8483
10.8324
9.96974
9.69795
9.26273
10.2504
11.9691
12.6038
4.99858
10.2132
10.4343
8.58363
9.61241
7.16816
10.0322
5.77358
6.20067
11.4193
12.8674
6.83134
11.2267
8.38374
6.28981
8.99073
7.07334
8.77645
14.6399
17.5426
9.1181
9.55771
11.0397
8.46601
10.2644
13.2702
8.68508
7.90499
9.82664
11.4005
11.2254
8.90469
12.2101
9.93723
7.98646
8.43231
12.3773
6.03218
9.85624
10.1408
9.89228
6.07334
12.1326
10.5247
12.6529
8.08853
11.2494
9.98747
8.01364
8.83096
11.5683
10.6411
7.39871
11.7861
10.3703
10.8039
6.59402
9.12786
14.0028
7.75909
11.7193
12.8105
6.91658
11.1771
10.8765
12.383
6.17137
11.4211
9.77641
16.5217
10.3397
12.0725
4.78957
7.47529
11.8326
9.40762
11.1112
9.57527
9.97468
11.9431
5.26241
14.08
6.13905
9.92157
9.26997
7.32428
13.4426
5.88095
10.8398
6.45929
9.19891
11.6686
11.741
10.6425
6.46307
8.85801
8.14697
10.2625
10.7907
5.79875
8.79642
11.5206
10.6376
13.711
11.6757
11.2568
9.89072
11.2536
9.33753
10.1168
9.05809
10.2998
11.458
14.1767
9.15615
9.46111
7.9478
13.0628
8.61064
7.08678
8.40083
9.64091
9.23505
7.7542
7.0538
7.13774
6.90101
12.081
7.25131
11.5683
10.0022
10.3926
9.36442
6.34532
10.9994
5.88699
10.6127
10.3278
9.80911
10.5071
10.1172
9.2911
9.67712
14.0342
7.28709
11.5143
10.0268
11.8076
15.3542
11.0696
13.9285
12.9801
6.90447
8.4985
9.83194
9.92511
11.0741
10.9263
7.81639
8.96769
6.03383
9.76831
6.61496
10.0863
3.91668
8.91524
12.3792
3.44016
11.2468
12.2097
11.8677
8.2455
13.442
11.2166
7.75837
6.76369
8.58125
5.72076
13.145
11.3906
15.4511
9.07215
10.1611
10.3901
9.47179
9.34228
10.61
6.75328
11.5428
10.8133
7.22397
6.36033
11.8613
9.72858
10.6121
11.9172
11.6556
8.42716
5.26428
8.55824
10.4292
10.337
12.5374
15.0382
15.7855
9.22666
10.4712
13.1451
9.38733
8.88091
8.75551
8.02886
7.53257
11.0869
8.5318
9.61491
8.83235
10.6036
11.272
7.27623
9.34047
9.57591
12.7387
10.4208
11.3127
4.60262
13.3836
7.33058
8.78275
12.2448
11.0712
10.9065
11.4077
12.0644
14.3242
4.76798
13.9225
3.02134
13.2082
13.0622
7.15507
11.5187
10.0352
11.3145
10.989
8.58819
9.80302
8.33479
6.21297
6.44283
6.53225
6.81689
10.9376
12.5738
10.5252
9.78718
7.59443
10.6641
10.572
6.54758
11.6303
9.45513
8.32454
9.991
8.09958
10.7407
10.7284
6.64417
12.7262
13.64
8.1501
10.9922
8.72603
13.1462
10.4455
12.9763
9.17945
10.8994
12.08
13.2254
8.53442
8.06386
8.99469
9.69183
7.51884
12.634
12.7842
10.6163
11.5956
6.4474
10.5222
9.85183
9.00494
11.8822
10.6477
10.7805
10.3139
6.3141
10.3474
10.9439
11.8033
15.4481
9.71365
9.05088
11.7991
8.11325
6.53977
8.71638
10.3379
12.0155
8.31257
11.67
14.9007
9.42654
6.22686
9.23326
5.55077
7.80854
11.1644
10.8615
7.76961
7.33991
9.85316
10.3793
15.0641
10.524
10.275
11.9572
10.3129
9.31823
9.73222
3.89854
9.65884
12.0859
11.8792
12.7084
9.62549
11.0114
8.53169
8.05077
8.45048
15.0728
10.3513
8.20371
11.7186
10.5784
14.3222
11.0505
9.52565
14.5466
8.90429
8.67133
5.96699
13.17
7.0781
10.1045
9.31501
10.8449
9.44173
5.70375
8.14257
6.86154
10.9872
11.8599
8.4486
10.4468
5.79004
9.59406
7.54276
11.5072
14.8768
14.1351
5.689
1.13194
12.4271
7.9903
11.681
7.92922
12.6743
6.08324
8.32732
9.29873
7.80588
9.34838
5.70456
10.9156
8.81633
9.6714
12.4186
9.78286
10.883
10.7256
4.59564
12.7252
5.48829
10.015
8.23824
6.77891
10.7092
6.74319
8.57635
7.54942
11.8124
13.4998
5.64606
8.14214
5.09568
17.2614
8.86977
5.97005
8.75027
11.8417
10.2979
7.83488
9.58036
12.7726
7.50809
12.0632
8.6682
13.6394
6.4071
9.30596
7.78722
6.66417
15.6594
15.629
9.34164
11.1657
12.3796
5.86528
8.78051
14.0927
6.74559
12.6519
11.6886
11.1412
15.4405
5.7418
11.9313
5.7203
7.32602
13.0708
9.89703
8.25664
13.7703
4.57352
7.92429
9.50879
10.5285
5.93131
10.6549
9.87772
15.2885
5.60195
5.61608
7.6423
8.05162
12.6208
10.9339
10.4354
11.7133
13.3649
9.69597
12.2255
14.7191
7.84854
6.06141
12.7236
7.51274
8.38233
10.5651
9.40067
9.80207
13.6176
11.2073
8.9732
14.3738
8.96865
11.2604
8.61873
10.4776
7.60404
11.2422
8.91024
8.84017
12.5453
10.1376
13.2442
11.4982
9.96005
11.2127
9.23113
16.7747
7.07247
9.92301
9.61981
9.67269
8.9198
7.83345
5.05085
7.96224
11.4831
8.67073
6.44304
10.9023
10.7738
8.52061
12.9279
7.9264
8.93016
9.01081
12.3693
10.5142
9.83072
11.2066
8.49076
3.26926
13.0502
8.80427
10.2408
3.88622
7.68148
8.72489
11.0418
10.916
13.177
10.5653
5.96471
10.7712
8.04923
9.32285
4.39255
6.15193
8.00279
13.0002
7.47854
12.0578
13.4893
13.3385
10.8365
7.62856
9.93527
10.5224
8.26727
9.48415
4.22623
11.2894
8.33053
6.67332
11.0842
13.8673
11.9394
14.2032
7.54117
9.11777
9.99321
11.0868
12.8081
9.79468
9.50803
13.0623
11.4147
11.7652
8.29795
11.8999
10.7646
10.1282
6.00089
8.8052
6.89209
8.47708
9.49308
11.0339
9.85068
14.218
10.4107
12.2072
9.60381
5.77424
10.2535
11.9536
7.42789
7.72099
13.5652
8.31403
13.3251
6.18856
9.12683
11.3361
13.0892
10.921
9.99681
8.29518
10.6574
12.0705
8.9954
14.2628
14.2734
10.0512
9.35516
9.3323
7.70582
13.2981
10.8918
9.04135
5.66531
9.91921
6.98252
8.943
10.6118
9.61997
7.4239
14.141
10.8283
10.9539
5.68724
7.1679
10.9857
8.07064
6.61325
8.8781
7.31522
11.195
6.01201
2.96813
10.1719
8.65098
9.82557
7.52514
6.44896
11.2553
8.83337
11.4685
8.73187
8.83382
7.08545
10.2652
9.66458
12.9166
11.7365
7.34946
11.1133
6.55384
8.69074
14.682
9.02488
10.9493
9.88837
6.94807
9.05491
10.4218
7.90994
10.8835
7.82299
8.74186
12.715
10.6407
11.3212
11.094
13.712
11.2833
7.01427
7.80715
12.7766
15.2247
12.6504
12.7687
6.0959
9.31651
8.29893
12.3482
10.0207
11.2777
11.5774
13.5762
14.9548
9.32381
8.40225
10.3323
10.5467
7.74885
8.22299
10.3446
10.2294
11.781
12.7812
11.3118
14.2632
11.7841
13.1246
11.6318
7.24317
9.37749
11.0961
11.5621
9.25264
11.6054
4.85518
6.41664
8.90525
11.8829
9.5663
11.4551
6.84015
11.6446
11.4655
8.65143
6.85581
11.0898
8.90825
7.81263
12.9391
16.4349
8.11221
8.28523
6.62956
6.19538
5.37621
8.75337
8.86628
11.8797
10.728
5.58988
10.8447
11.4959
8.9241
7.31774
6.80774
8.65487
8.09523
6.17267
13.9825
12.5056
11.7805
9.575
8.80435
12.8487
9.35865
5.82644
10.4765
9.34617
12.3856
8.19171
9.97563
10.6557
9.08636
7.40414
14.481
13.0339
9.66481
12.3155
7.13453
8.31275
12.5508
10.834
8.20785
6.07855
10.6943
10.1326
8.03027
16.5398
6.06381
4.93519
9.22086
5.07697
7.44909
5.6193
12.6123
12.3577
10.1548
11.8692
10.5483
10.4768
7.24751
11.6967
12.2309
10.7451
11.4129
8.90271
11.2537
6.54791
6.25856
10.0403
12.0462
7.75405
11.6281
8.14837
7.79852
6.97346
6.92853
10.0197
8.14816
10.1588
10.9227
10.9678
10.7301
11.2276
13.0311
10.0678
8.18484
8.57075
11.0229
11.2104
10.8113
5.13798
4.03113
11.7877
12.3735
11.0885
9.77112
8.3336
10.3555
12.3588
10.3888
7.3441
10.5712
9.08318
6.88701
9.3192
5.32607
10.6637
3.0725
10.4397
11.0913
12.5338
8.85595
8.56457
8.938
11.8046
9.20795
9.6211
13.1151
8.88869
7.98913
11.5925
9.71029
7.68509
11.5487
10.9055
12.1275
11.0344
11.0192
9.37866
6.32139
5.96406
7.387
9.96888
6.12248
9.1551
5.61022
8.22079
14.3894
10.734
9.12899
7.12849
7.45824
9.41828
11.6022
11.1304
9.26876
14.7663
8.09871
7.37945
6.77396
7.09499
8.52323
15.5829
6.6664
11.0112
11.7254
14.091
11.076
14.2034
10.9309
11.4001
7.49556
4.87653
14.3782
10.8653
9.16281
6.31374
11.2445
7.09232
10.1453
11.1275
16.0925
11.0256
14.9638
11.9556
12.275
13.5263
11.3896
9.50624
10.3833
10.6533
6.85244
3.00146
7.67839
10.9156
7.64958
6.15832
8.77399
12.7098
6.26344
11.1371
13.0889
10.2806
11.2558
8.11634
9.30755
10.18
12.9424
16.4219
12.3336
10.2282
6.1992
9.74422
9.74196
9.08088
12.4051
9.58745
6.12668
8.47516
12.5704
12.5534
10.0611
4.73581
11.666
11.4495
5.15257
4.92673
8.18228
8.68782
11.3556
5.7762
10.7603
10.0809
7.89756
11.2339
10.9692
11.0466
11.8644
11.7975
10.2112
8.41837
10.8857
10.7255
12.6873
11.0082
5.64899
12.7874
12.469
11.6703
12.044
10.9937
5.25798
12.5393
8.66125
11.1789
10.1848
7.84697
14.7679
8.13398
13.8327
13.1954
7.48606
11.6844
6.22203
6.49289
5.35365
13.3792
7.92284
13.6824
9.67904
11.3097
11.4769
13.6829
6.57005
6.99309
9.5831
9.52515
7.20891
9.63978
10.4124
12.0498
5.83716
9.14314
13.0956
9.8204
9.75513
8.17616
7.33473
11.8
13.5548
7.74155
10.7183
5.3549
8.77045
8.90226
11.3128
9.97511
9.55669
11.675
11.416
7.7823
9.34751
6.29874
10.9507
9.75114
11.6217
9.48293
8.66517
7.17319
8.15213
12.2537
10.0775
5.54341
8.40513
3.55669
10.166
8.56947
7.87815
9.04014
6.99776
8.42779
8.59031
11.2988
14.0981
5.8879
10.4154
5.56064
12.1926
9.06728
10.0838
9.49469
8.96918
11.7955
6.866
12.6339
7.73144
9.901
14.3404
9.97471
9.23728
9.442
6.02323
13.6968
5.59411
6.0069
5.94132
5.25647
7.20301
10.9281
9.47445
8.96297
10.3112
7.58389
12.9929
7.6202
9.86518
11.1929
8.14892
9.18129
9.19287
10.8626
5.02266
7.68795
11.0227
8.65948
10.929
11.8329
11.7107
8.73261
10.9933
6.96393
12.7586
9.5654
8.31247
6.33382
4.62685
9.17594
12.4732
11.2502
8.48464
13.0991
9.5748
7.55777
15.5532
10.8139
9.45762
3.98996
3.49141
11.6972
11.3899
8.90164
13.9009
12.0298
9.5641
11.2956
13.5135
10.6487
15.0392
5.82056
7.7748
8.69403
10.4922
9.14208
1.74496
9.79279
13.0763
11.6699
8.24651
10.6499
11.9668
12.6625
9.10299
11.8571
12.0836
13.0886
13.3792
8.93459
9.04263
6.46566
12.4717
11.3081
12.7966
10.3508
9.87265
8.75194
9.9411
8.97905
15.2397
9.53805
8.97432
10.169
9.041
9.9822
4.99772
11.826
10.9646
10.3644
13.8342
7.07147
5.81057
7.66267
12.4576
6.81607
11.5884
13.5981
11.5786
3.76206
9.98992
10.7028
9.22554
13.0905
3.22403
9.77241
6.12515
5.12069
12.5233
2.67397
10.4746
11.3568
9.7232
10.783
8.27293
12.9542
13.1479
8.617
9.23176
9.46542
9.44288
10.3305
11.1953
10.8655
10.1354
11.9591
13.4091
6.8354
11.0929
7.03374
9.87299
13.5923
12.4927
8.51751
11.058
7.86012
7.84018
10.1599
8.08161
12.207
8.00622
9.49699
10.2984
10.4803
8.44635
10.238
7.21492
6.15905
7.59203
8.99998
11.1995
9.38472
10.5655
7.44802
9.49197
12.4939
8.64971
9.36649
9.53998
11.668
8.45439
11.3153
10.1061
9.74537
6.63748
8.32287
11.4949
8.47878
10.6987
13.6469
5.81636
5.19791
11.3506
8.47353
14.281
11.7342
5.52243
9.18785
7.72509
12.3352
13.7812
10.2996
11.0391
10.4391
7.13148
10.1869
8.26829
9.61726
11.8646
13.3992
7.58937
9.01795
9.34519
8.10925
14.6191
14.4243
7.45734
8.13471
11.8873
7.833
7.85244
10.1707
9.60206
9.65978
7.18241
13.4663
8.2925
10.2495
11.8494
11.545
7.12986
12.781
9.57805
10.8203
10.5754
8.93038
9.29711
10.0948
11.2199
8.79651
13.6648
5.49996
7.73245
9.66723
9.37713
5.91217
8.87844
10.2531
9.87672
10.1066
8.84754
10.7465
2.82173
6.99872
10.384
11.7131
12.3962
11.4435
15.1932
7.24574
12.7777
12.9876
11.8126
11.8114
13.4196
6.9696
8.98144
10.6258
12.2784
7.61325
5.76129
9.23051
9.53448
7.33026
10.7838
9.83512
10.1553
7.03117
12.9041
8.72722
14.0171
7.81592
5.72459
11.2859
8.16959
10.0222
8.43431
7.73876
13.5138
13.8706
6.87774
10.2057
11.0926
12.0307
5.6375
9.41221
10.2106
9.06637
9.43937
12.1615
12.539
12.5657
12.0651
8.30228
5.21709
10.3392
8.34545
9.52608
2.90864
15.154
6.89572
8.13914
9.98296
9.60775
8.46897
12.4194
7.41502
6.77528
7.94996
12.28
10.6306
10.4486
10.9604
3.94531
14.3584
12.2387
13.1973
7.60186
14.4037
6.88145
10.5486
8.91277
15.0659
11.1631
12.8543
13.9948
13.4033
13.725
9.76494
9.13466
9.53377
11.2068
10.2427
8.25812
12.7368
11.0128
13.5547
8.20783
5.97449
8.56054
8.71673
13.6124
12.1053
13.3481
2.37978
10.4025
8.69384
7.30441
11.2841
11.5249
9.16118
13.4817
5.76013
8.74278
8.01676
13.1912
10.7211
10.4247
5.80204
6.27137
11.8009
8.6922
11.0125
6.65955
12.3911
9.52168
10.2293
10.293
5.3251
8.38314
8.44074
7.80503
8.5052
14.7297
7.05264
7.72524
11.3964
9.48803
9.84192
8.84737
9.98175
7.41476
8.40569
11.594
10.832
14.9767
10.9002
10.7248
10.6384
8.30089
12.5136
11.706
11.5765
9.50345
14.138
8.73897
11.9434
10.9723
10.4101
9.72141
9.6796
10.8687
13.2788
10.2875
9.96924
8.7051
7.62408
9.39989
12.3785
12.1143
7.24057
8.69676
14.207
9.7878
8.02634
12.4512
7.63658
10.0821
10.1164
13.9916
10.4258
11.7229
9.22241
8.1819
10.647
5.44521
8.63884
10.0722
9.82872
10.4977
11.9326
9.93829
7.12604
10.086
13.061
5.95787
6.02743
12.7783
3.37223
11.6766
9.8647
12.3481
9.86576
11.7635
17.0193
10.9669
6.72664
12.298
9.48972
6.83701
11.735
9.56768
13.8879
9.27727
15.0031
9.10509
10.4199
9.56262
12.8387
8.87395
9.92414
6.62526
14.5148
9.76265
8.33876
7.98923
7.34974
7.8292
5.72362
7.04634
9.83849
6.77327
10.7238
6.89136
12.9745
10.3334
10.9106
11.8977
5.74031
11.0271
11.1025
8.33383
13.0997
6.50287
8.28764
15.0563
13.9834
13.5283
11.0162
10.4035
7.31443
12.5375
10.92
9.33033
9.13814
7.27501
8.50985
12.7805
13.3687
11.889
9.52645
10.0099
8.1631
3.98198
6.74096
5.67736
8.36148
11.6415
6.9174
9.72586
10.9031
13.3865
10.3346
10.9416
10.6227
14.9989
6.23107
10.1876
11.4379
12.7474
12.9244
13.4619
8.08272
10.5259
12.2577
9.93291
6.20342
12.0873
7.62343
16.5323
11.5239
6.48167
6.16931
14.1708
8.51591
12.0343
11.0651
7.60664
5.34266
8.93044
9.81745
13.4092
5.07012
11.1045
12.1262
5.69179
9.19997
8.34146
9.5388
11.5822
8.29906
7.22903
5.19819
8.65959
6.95259
8.91524
15.7511
9.75408
12.7171
10.2078
8.93568
10.0521
12.1017
6.85287
10.3861
12.5123
8.28974
12.0335
9.72538
11.9662
11.2187
5.6564
19.9345
8.52805
8.36393
3.66237
7.56932
10.3432
10.4714
11.91
16.8903
10.0309
15.3942
6.6141
10.1724
5.44906
8.47276
13.8794
10.178
11.1541
10.7136
12.0552
10.5595
13.8945
11.0248
8.7641
10.6
8.52013
8.51961
12.3003
8.92271
12.4264
4.41473
11.8849
6.41859
9.19988
9.1033
9.92714
15.1628
7.99486
10.1099
12.5146
8.29964
6.64864
9.99191
5.6265
6.42892
10.9333
12.532
15.345
11.7901
9.50551
11.1718
6.58469
8.94947
13.0469
5.76235
13.2254
11.1754
8.38781
13.0406
5.37909
9.81728
7.62318
8.50566
12.8112
5.46158
14.3859
9.49754
4.62549
9.42833
13.5899
9.42902
7.57985
10.3262
10.3496
14.1764
9.75111
7.88761
8.4691
6.18974
10.5749
10.5428
11.1043
9.9198
8.58287
13.4378
10.4609
9.61424
10.5154
7.14517
5.76469
18.5923
5.98072
5.45301
17.1158
12.7116
11.7026
10.7034
12.6012
11.9959
8.92316
14.055
8.22191
8.14075
10.7436
12.3953
7.88023
9.02183
7.1481
11.3308
11.715
8.81381
8.3912
13.2165
10.7311
7.63555
10.1886
15.0152
10.2772
8.49303
11.4316
9.09637
10.2901
6.06857
10.8069
8.83731
8.85379
10.46
11.2591
10.881
10.8052
7.70321
4.38153
6.73512
9.41842
10.4366
13.6452
13.6644
10.1006
8.53503
9.1662
7.72005
7.24914
6.35365
10.7401
10.5698
8.15145
6.43608
9.62601
11.9794
14.2419
9.09273
11.5172
15.213
10.0253
9.81323
13.8837
6.46689
7.99321
7.01439
9.48011
11.6527
9.17782
8.9052
9.70607
7.86765
6.68755
7.93212
10.2032
13.3625
14.4862
12.2754
10.8265
8.33224
8.51508
7.84129
8.01761
10.1855
8.99146
15.2049
15.0404
11.7989
8.36985
4.52272
9.71537
9.90562
8.87833
12.2813
12.0146
11.8223
14.1634
13.8044
7.03494
10.6027
5.91883
9.45618
10.3785
14.2763
8.44532
11.3823
5.513
9.0095
6.60758
11.319
13.1397
11.2234
10.4817
11.2867
5.0254
10.3292
10.4487
7.62004
8.88096
10.5355
13.0608
9.03687
7.78624
9.73184
14.341
13.2898
12.0785
13.7314
11.6802
4.56457
11.376
10.0601
10.3106
10.1564
10.0469
10.5069
8.61598
12.9568
7.46193
13.2875
11.9355
9.59473
13.4861
12.5815
7.59311
4.04503
14.8164
10.7366
9.76697
10.1557
11.703
11.7444
7.56497
14.4084
11.4972
10.767
14.8896
9.11823
6.9313
13.7006
10.6329
11.5825
10.6953
6.62083
8.17499
6.57766
9.19733
8.57399
10.8072
8.35002
10.3767
7.49909
9.00297
10.7798
10.9502
12.8199
13.7732
11.3203
7.41346
10.9842
11.6088
13.0557
7.07493
8.10218
10.7704
12.6719
10.0676
3.37581
11.243
9.26074
7.33597
13.9235
7.8161
6.53882
12.1766
7.56997
4.43522
8.23254
8.08964
7.1045
6.62866
9.35943
9.171
10.7943
10.16
11.1981
6.13893
11.3014
6.00149
7.30283
8.7168
7.07662
5.99759
17.5223
10.326
12.8076
8.9015
10.1756
7.46998
9.75758
7.59197
10.821
9.99814
11.3667
4.74118
12.6048
10.3299
11.4391
7.99202
11.5654
16.7296
13.4948
13.0273
11.44
11.124
7.3265
10.6535
12.5333
9.85148
5.72641
12.7074
10.1088
7.06235
7.57532
6.57072
6.90195
10.8798
14.224
12.8252
6.76623
6.59491
9.90816
4.85738
11.0488
9.58147
11.0957
8.7577
13.0989
14.348
7.99471
9.96943
8.23539
11.1291
10.7564
13.0825
9.88057
12.675
13.3044
7.45085
14.9664
10.6291
9.1414
11.7737
6.76016
12.3702
8.56707
13.213
11.6381
12.5492
8.3788
11.1902
12.9264
12.2599
10.1913
11.3776
15.0368
10.4672
9.94759
8.71411
11.695
8.31918
13.6702
9.08002
7.68867
10.8024
8.7662
4.91839
6.83415
9.497
13.5694
12.4237
8.30392
12.4747
5.66771
8.42355
10.5226
5.49592
12.9153
7.26757
8.68249
8.80856
11.8914
12.524
10.5791
7.53358
9.63717
8.51371
12.3298
10.1062
5.83922
12.9059
14.6764
10.5181
12.6746
10.1379
9.44997
4.7536
9.84298
10.3199
15.1632
13.0215
11.8171
5.49375
14.4283
7.26761
10.3865
12.1284
10.694
13.7854
7.72325
10.6994
8.944
8.14791
13.666
10.8011
10.1367
11.0521
8.16463
17.067
10.7818
14.8829
10.9708
12.9372
10.9184
4.83835
11.1669
11.2836
8.92483
8.01817
6.85461
9.92482
14.287
9.35902
14.3346
8.00473
12.2928
6.83959
9.49365
6.69559
12.7221
10.1305
10.0503
13.7787
9.19916
16.2999
10.4615
13.3891
9.71215
11.3374
10.7595
8.83634
10.5278
10.0526
9.19002
8.9654
11.6718
5.86354
12.2934
5.09445
14.9971
10.1563
13.2235
11.2814
9.74195
8.13979
10.7192
11.6886
13.4697
7.9501
11.8947
10.7762
11.1431
10.3058
13.3572
9.71232
7.13431
4.32609
15.6239
13.5101
13.6004
10.8716
13.1119
9.3512
11.3998
13.2784
10.7156
12.3027
8.79598
5.81437
10.769
12.1877
12.3795
9.20508
6.94105
11.9213
8.023
9.26211
10.8121
9.36894
9.61627
9.76658
8.03997
6.53181
5.93744
7.60285
10.9107
8.58873
11.4873
13.0713
10.9287
10.0885
10.7047
14.6214
7.60608
11.4223
7.7213
7.73868
10.4165
9.36504
10.0478
12.3144
10.0063
7.91684
6.00631
10.304
13.072
8.18878
10.5335
7.66246
5.86086
7.49685
9.49111
8.92125
12.1026
11.1687
10.4774
8.6117
8.50923
7.38497
15.2995
9.09306
13.678
9.79362
12.7827
10.7487
11.0347
9.99619
7.39898
12.358
10.7096
10.0531
8.1654
9.09888
13.1258
9.38131
10.9973
7.92363
12.8316
9.03029
12.769
7.28685
7.85787
5.96302
8.85164
15.0621
8.64614
8.38879
7.90441
12.1684
11.4138
14.5461
9.22258
12.114
10.9885
5.41598
9.85202
12.0782
12.4996
14.6508
10.5537
8.98645
11.3756
13.2566
12.5272
9.6469
11.1918
4.58567
11.8797
3.53425
9.13918
14.7939
10.2748
9.11656
8.48557
8.38955
11.0391
8.83638
11.1837
13.5596
10.2212
13.7285
10.7864
10.1168
11.9039
11.4754
12.1406
10.9302
7.44066
14.2849
10.6854
8.99422
10.2332
11.6255
7.07684
13.7724
7.93068
4.96905
9.09371
10.9383
12.2199
11.0783
9.6982
7.109
11.478
7.30541
6.49261
13.1029
12.2492
9.13591
10.0042
9.60153
8.3219
8.60835
6.26071
10.1542
12.7861
10.7802
13.6783
10.0554
12.387
10.3294
8.13535
6.82516
11.6846
7.66582
13.7074
12.4299
9.06218
6.80992
7.98831
14.2805
8.38875
12.0765
12.0907
5.93694
9.71526
12.3078
6.65804
11.0605
6.68979
14.1453
6.76067
11.0924
10.8556
6.62929
8.99987
8.54582
13.6347
8.94991
11.6754
4.56005
12.8521
11.6831
10.9108
12.5944
11.4268
4.87555
10.9104
14.4996
7.07652
6.01464
7.9661
8.16448
11.5848
8.57151
12.0075
12.704
10.7755
16.8208
9.02667
10.8511
10.3824
10.0846
11.8114
12.9114
7.99203
9.98241
7.87845
10.1407
11.2002
8.77181
6.39668
7.77443
9.23797
13.25
9.20588
8.5905
10.4742
8.45958
11.8416
13.531
9.37711
11.9191
10.7176
12.0645
4.17295
7.5419
7.36286
7.28563
8.92475
10.9695
8.74791
12.4503
13.5932
8.72353
12.7886
12.5292
8.99247
9.23476
11.6355
11.1807
14.2881
12.4838
11.4175
5.12787
6.72393
6.52913
12.9164
8.42811
10.271
12.2527
9.09478
9.44972
11.0453
3.81446
11.2431
11.9063
9.2327
7.84335
7.22439
2.17223
9.00517
8.53001
8.61328
11.1927
11.0944
12.0255
10.5035
7.5523
10.0921
6.01684
12.9349
6.27137
10.8102
6.31083
10.6205
10.8084
11.802
9.15957
8.60542
8.66689
16.1482
9.52597
9.18768
13.2467
5.75725
10.085
10.6877
10.3954
9.40779
11.9099
10.4207
9.53771
5.5419
7.25103
12.835
10.9902
8.67215
5.36314
10.4798
10.4411
9.05149
8.16695
11.6611
4.78089
11.0909
8.5608
9.82507
14.6415
8.06397
10.0264
7.88103
8.91324
14.3253
6.01658
8.07697
11.5701
14.2225
9.33475
10.9088
8.55601
9.3488
9.1983
13.9256
9.77745
12.6353
8.82666
9.93501
11.9787
6.94642
11.2202
11.3186
12.1644
10.492
13.58
9.97795
6.11916
10.4822
6.83965
9.57484
10.029
11.5317
13.198
10.4508
11.2217
8.78253
13.6884
10.3548
10.5728
11.9032
9.54713
10.1436
12.9903
8.43507
9.79084
9.70447
3.9812
11.5702
9.97661
12.3552
12.4032
11.7202
16.9119
12.0636
10.2096
12.8361
12.145
9.02871
9.84703
10.5313
10.477
9.29339
14.0417
11.7668
6.00793
9.81477
9.62505
10.1889
10.5048
7.08545
6.83882
9.97744
8.39201
10.6428
11.0958
14.2952
12.3945
10.4799
10.7885
15.0238
12.0345
10.9803
4.01238
7.98434
8.40495
14.665
12.0965
11.6336
11.2602
9.00512
11.7794
8.17025
5.34865
12.3522
13.5124
8.48124
8.00089
10.393
6.41851
9.20893
10.9212
13.7061
12.2335
10.4286
7.55461
12.3818
12.5577
11.3787
9.96789
11.162
11.6618
5.69685
10.9376
8.33285
6.42843
10.7769
12.7975
6.97492
9.14996
11.3438
12.0816
13.4913
9.37067
10.132
15.1208
14.217
5.95935
8.96977
8.78807
11.0627
8.07948
12.1995
9.82181
10.8856
7.76309
8.99691
13.2421
9.80514
9.5733
9.3409
10.3005
14.4751
7.91138
7.8634
11.8578
8.06763
15.0197
11.2846
11.9151
12.0814
10.6979
10.2577
6.84646
5.5355
10.6289
5.75672
9.54485
6.16158
10.2285
8.34068
6.95437
6.93119
13.0283
12.8891
11.0465
9.76632
5.38481
11.4963
15.188
5.5923
10.7397
10.3513
13.326
5.71437
4.74583
12.2834
11.8044
13.551
14.408
5.64123
9.5706
8.83577
8.94712
13.2833
9.65888
7.57904
10.5256
9.52787
6.19496
7.40889
9.56743
9.28577
13.0737
11.4134
9.18872
10.8272
8.43403
7.64043
8.39271
8.57903
14.4628
10.4519
12.5638
8.58089
8.78878
10.7081
6.88433
7.49483
11.732
5.07694
9.63822
9.69871
7.01547
10.2474
13.1831
11.9922
15.3048
5.95687
14.2414
9.3688
12.8125
10.1744
11.1287
9.10049
8.84766
8.04183
8.48227
10.7105
9.63843
6.23633
7.682
10.8497
11.6192
10.4629
5.92469
10.7682
12.6669
10.8512
9.86442
5.70834
9.34777
5.60083
10.6338
10.5511
12.8044
10.2755
9.33054
6.36662
14.8571
10.0329
4.8075
3.58342
6.31691
11.3372
10.8028
7.86554
7.38371
14.0497
13.5251
7.70216
10.3512
7.66679
8.27906
6.93839
10.5767
10.5062
13.3327
7.66838
7.11821
7.74716
11.3993
6.91309
10.2105
8.10726
10.22
6.74021
13.7291
13.6426
9.52572
13.2543
9.33409
11.3485
11.5243
7.93645
8.26596
9.44505
8.61715
6.99003
14.2662
9.6034
10.0166
8.1006
11.3038
11.2439
13.5217
9.6691
8.60874
9.74812
11.532
10.6729
10.1809
9.521
10.8698
6.68528
11.1919
9.86052
11.8905
7.80996
10.7427
9.43146
8.36386
9.87132
9.8151
14.2027
10.3444
14.2813
10.9657
12.365
12.0626
6.7812
11.4315
13.8721
10.1855
8.68418
11.1415
8.67988
11.6545
8.84561
10.0317
9.83157
7.76567
9.87299
7.27257
13.3578
13.2143
9.52177
12.2345
11.129
7.55186
8.81042
10.9889
7.23692
7.90376
10.9831
11.3094
8.35591
8.81954
7.53748
10.2946
10.4213
8.52247
9.11766
10.8929
9.99085
11.5605
13.615
5.84804
11.8059
12.2124
7.1242
13.2155
11.3655
9.19567
7.65268
10.497
13.3009
9.77784
12.3185
7.69102
12.41
14.3672
9.65127
10.229
11.9123
10.6372
7.56958
11.9197
7.56036
10.6928
5.39296
13.4745
9.72276
11.397
6.33108
11.8981
9.7431
8.04312
7.80087
9.38837
13.6758
12.9069
8.78562
11.7432
10.0964
11.3357
14.7707
9.98613
13.5834
8.94696
10.5214
12.0209
12.4364
11.5058
8.97453
14.318
13.7264
11.6239
10.7455
12.7544
10.3283
8.66821
8.69851
10.9926
7.74935
9.14447
12.1677
14.7739
13.177
10.2749
7.46449
11.1069
7.39821
6.56893
11.4135
8.14171
9.99645
11.0132
9.46405
10.0123
13.5054
11.6474
11.5713
12.2111
10.8127
11.8001
8.02831
7.79487
11.0634
15.5901
11.4446
5.47811
7.14196
6.96813
10.1139
8.77404
11.9252
6.48039
8.3042
12.101
8.93736
5.10202
13.0206
7.70543
11.9456
11.2485
8.94596
7.32483
9.24946
15.0414
7.83908
9.89843
8.97439
8.22667
11.5943
11.9302
11.8238
7.2482
12.2695
9.18765
6.68107
6.08282
11.53
10.6391
11.9807
10.0002
9.71555
10.4404
9.12156
10.8899
13.2966
5.56443
9.432
4.92131
12.6889
6.56043
11.278
12.8455
8.07072
10.7444
8.49982
7.22874
7.54559
9.8011
4.53148
10.1158
6.77932
11.5373
16.8886
9.82177
8.35084
11.6033
9.40931
11.4944
12.6832
7.34227
9.5089
15.7179
12.1104
8.72718
7.34641
10.5816
9.29972
7.30256
7.45151
4.14943
9.07572
11.0072
11.4835
9.84425
8.14008
6.67143
10.0493
10.8061
11.0344
12.7143
9.70778
8.7752
11.86
11.1313
10.9356
7.30178
10.9984
11.1092
7.41416
11.9713
9.33285
11.0048
6.35476
6.78074
9.86543
8.63702
8.96509
9.2598
8.53569
7.48773
9.59513
9.3327
5.81296
9.42276
14.2356
9.2072
7.05562
10.3713
10.1656
14.9428
11.6678
7.95686
10.0788
6.11268
11.5444
12.9782
15.092
11.0512
11.6916
6.62322
15.7732
9.39513
8.7938
5.86885
15.8266
11.1871
12.9632
10.6676
9.65486
10.7508
13.2635
15.1777
10.8085
12.2575
12.5906
11.5731
14.2921
4.02183
8.12092
10.8655
8.73155
8.8965
9.87379
10.7602
9.91624
12.9541
11.8842
12.6366
9.14595
8.67525
14.1328
5.96813
6.87172
10.3027
7.67666
9.6856
7.35566
8.37972
7.08909
14.2723
10.9367
10.9293
10.9045
11.1397
9.79193
8.21166
6.19418
11.3318
4.83256
8.80929
6.81834
10.4767
7.65832
11.5785
7.94611
11.4501
9.99418
12.3549
10.7732
12.8601
11.3348
12.376
11.6013
7.54256
6.10875
10.9581
12.9992
11.0922
8.18247
9.37156
11.8975
13.148
13.4437
7.78697
12.8524
9.57628
8.43202
11.1985
11.7251
10.8977
6.51331
8.31716
11.0324
9.08583
12.2796
12.2686
10.8886
7.61135
12.5393
12.9682
11.3293
7.1653
10.9334
6.07767
12.6081
9.10679
8.79811
9.87776
11.6163
11.453
7.5388
12.9329
9.58581
11.6428
10.5107
11.644
8.37134
14.7189
10.8416
11.4025
9.9995
6.94815
10.2032
6.24682
14.255
8.60658
9.8563
6.36046
6.64144
9.85277
13.9506
8.2761
4.3307
8.52098
11.8305
11.8265
13.5416
10.1403
8.46352
6.31135
5.59888
9.54195
5.22189
10.1663
13.2994
11.5385
10.3355
8.21641
7.0544
9.78799
9.08094
9.95262
14.0225
9.50515
7.88104
11.6835
12.223
11.9541
8.14338
12.2478
11.9846
11.3494
9.40101
12.2553
11.9285
7.57028
6.04155
9.56686
11.0437
10.2653
10.3524
12.3348
11.1836
9.60718
7.61885
6.4774
14.0666
7.57199
11.1992
9.04112
9.13062
11.0542
9.07364
8.48734
11.7165
5.4825
8.31666
11.351
6.95771
11.9405
11.5728
11.3024
6.73356
6.78659
9.38552
8.97329
9.04303
9.49062
8.17122
6.11671
11.5756
10.7659
9.05161
6.0883
13.7153
7.20418
7.25376
6.66309
10.2664
10.9177
9.66877
6.87857
4.09615
5.07139
11.3527
9.27284
12.0604
10.0908
7.98268
13.4259
8.48707
11.5841
10.2643
8.82164
13.8054
9.58898
7.79113
4.86869
12.6002
9.93675
10.0333
8.4853
17.5396
6.99489
9.83686
10.2692
8.60985
10.7489
7.51179
13.716
10.1615
3.15744
6.1271
6.68111
13.0665
6.462
8.65891
11.4299
6.03472
7.51395
5.97021
8.74649
8.12305
10.3288
8.23329
11.5635
12.5641
10.8763
8.1482
7.66854
14.4924
7.5508
8.95353
13.8255
10.8351
11.2837
8.21125
10.4853
4.19112
12.4638
13.2815
6.19082
10.6559
9.42949
9.7578
9.7752
10.1673
10.6812
10.4344
9.1459
7.61018
8.87465
8.66489
11.9095
10.1561
11.991
8.13859
9.36985
8.10384
13.1583
12.8595
8.1285
6.71714
9.54338
6.99877
4.71734
10.4507
10.3351
11.337
9.52316
11.4282
5.21064
7.70935
6.12806
13.1464
9.92554
9.89804
12.6826
10.6998
5.84138
13.7148
8.419
13.5611
7.53975
8.59717
10.2092
9.983
9.65956
8.72729
11.8922
10.3771
12.6066
7.35619
10.43
9.08806
11.6066
8.29539
6.63585
10.1072
9.70162
9.26074
8.97735
6.53388
10.3453
9.48101
10.7202
10.0466
12.5848
9.2302
6.39785
12.9189
9.19585
9.46515
11.0135
8.99415
9.91096
6.52932
11.6729
8.12163
14.1425
9.66137
10.1735
12.9805
5.35933
12.2102
5.58725
7.82858
11.838
9.1659
6.24094
9.13452
10.1224
6.14418
14.2184
12.2342
8.37127
9.43101
9.72151
10.6794
10.9091
9.28827
11.2066
8.56349
12.4344
4.00437
8.5568
8.02871
11.9572
8.7689
8.95148
7.62424
12.7006
7.7088
5.32099
11.9178
8.34892
14.2469
11.0129
11.1135
9.22992
9.45051
11.2201
7.55781
9.88671
11.2858
8.20905
13.0257
12.4408
11.5162
7.69421
9.18023
3.89556
11.8708
8.77222
13.4244
11.3176
14.2029
7.28412
7.68539
9.53046
8.26479
10.6744
13.5934
6.81403
8.91177
6.48762
11.1113
6.8672
12.0855
11.3327
8.03731
11.759
9.57653
7.2186
12.039
11.7044
7.66509
6.71433
10.6897
9.87777
10.6903
8.91392
9.30309
11.5257
9.95896
7.41545
10.5445
10.3058
12.4877
13.5317
7.84972
9.72084
8.69951
7.34826
6.96214
7.79179
11.2855
7.40773
9.67336
13.9819
6.96233
8.45443
9.15049
10.1947
8.91944
9.91324
10.7843
8.15616
10.2303
9.2416
11.6142
10.496
8.1257
11.9646
9.61097
9.87214
12.1812
11.4867
12.8667
7.76499
11.9717
11.307
12.6159
10.2156
9.47447
9.01178
12.5421
7.52671
7.80302
6.02082
9.39524
14.8949
10.1118
9.7904
7.28878
7.37669
8.07989
10.6203
9.91937
10.1224
7.18408
8.40228
8.60093
10.2458
9.87187
11.8866
10.0757
10.8514
8.87085
13.6752
10.4208
15.7474
10.9617
3.93755
13.0571
7.55143
9.14112
8.86979
9.92956
12.3857
10.3186
11.3425
9.70947
6.23944
12.4873
13.7588
9.86928
10.2306
11.3342
8.25833
11.8989
7.56091
11.5852
8.26004
11.1224
6.91188
7.96971
11.0982
11.5368
10.3916
12.9293
11.6072
8.41687
9.09587
7.49313
7.81982
4.41644
8.32265
13.5097
8.56649
12.2908
10.5384
9.33975
10.3034
8.73547
7.61686
9.87297
9.11758
11.1728
10.9611
13.343
10.7184
12.7846
8.91909
14.7319
9.46847
13.8437
7.37123
10.6279
11.4431
8.73569
11.7448
11.1124
10.2056
12.1263
4.2848
12.7038
11.2829
14.3766
13.1191
6.82255
7.69197
10.8267
7.27608
11.2172
10.0314
14.6327
8.4264
11.9984
12.5137
8.23866
10.3686
4.95317
8.96366
10.2824
5.41729
13.4462
9.97905
9.31321
9.58807
9.4919
10.7693
14.34
10.1372
11.9098
7.75238
8.59562
13.071
7.91089
8.87424
12.3606
9.12927
9.32898
9.12077
6.57966
10.7103
8.08283
12.0935
8.94518
11.4625
8.98182
6.40179
15.1389
10.6181
10.0823
4.86584
8.87495
8.13922
6.76627
8.50346
11.4691
9.10924
8.22051
7.39146
12.4861
14.4136
12.87
14.7138
12.8165
8.25877
7.3962
8.50507
11.1849
10.0196
10.2629
12.6605
6.60818
15.934
6.65266
9.20294
6.93362
7.96675
8.88518
11.725
7.26694
11.1684
10.5709
14.3722
8.55741
8.88623
8.06478
10.6445
12.5556
7.54714
10.4999
10.2117
7.34227
11.8891
11.7928
11.3423
9.77804
14.4362
10.4579
8.83886
10.087
10.2968
8.60619
10.7282
11.3069
10.9032
8.02438
7.33524
15.1558
15.0223
9.88065
6.05045
7.32308
7.55731
5.80493
16.1447
8.40523
8.68041
10.2832
11.6973
6.81238
9.86847
15.6751
13.2181
4.9792
11.1213
7.49698
10.6484
9.83581
9.56639
7.30839
12.5048
12.3998
9.64626
10.7406
11.5288
7.26348
12.3333
10.4732
8.96447
12.7686
9.0183
9.55274
8.87562
12.317
10.0305
4.71585
9.14357
8.01058
10.3824
6.55687
10.4868
6.23368
10.9322
13.1242
9.26525
10.4982
9.7714
8.83674
9.50375
11.0907
8.70018
14.5923
11.3518
9.64381
11.4566
10.6608
11.5888
11.4197
7.23573
12.1248
6.88901
10.778
11.6729
12.3087
6.09156
7.52258
8.57125
14.5346
8.85765
11.7085
5.75633
13.0769
7.66123
11.3395
10.4453
6.53405
7.83149
9.5818
7.20769
8.82364
11.709
7.5211
8.96024
9.68638
13.4237
13.2788
8.77826
6.1437
11.2653
13.6883
8.92556
9.8432
7.13517
11.1612
7.25508
14.4289
10.4304
8.30585
14.2924
9.12312
12.2023
12.9329
10.9597
6.43794
11.6406
9.51653
6.50141
10.061
4.67342
7.43585
10.7254
13.1223
9.89857
9.19326
10.1814
12.1097
12.6313
9.14664
12.8008
8.90431
12.9694
10.2902
9.60587
11.8503
10.7345
8.19408
14.5729
9.98482
13.6252
11.2259
7.72711
9.02033
7.0575
9.78317
8.29184
13.462
11.5626
12.7527
7.28698
7.37187
10.6066
8.34415
10.6738
6.9605
10.3615
11.7123
11.0547
12.7587
9.63461
14.1829
9.36444
13.1685
10.0391
11.8557
11.9537
7.72073
8.92325
12.3699
14.4084
7.85032
14.3102
15.4215
4.9673
5.35428
10.2533
5.60925
12.9479
10.2574
11.5447
11.7992
4.63303
8.63538
8.0736
5.08296
10.7322
9.54842
11.654
14.1117
10.8529
12.1304
8.88557
7.71803
11.747
9.7348
5.01632
6.29477
9.91532
11.6303
8.30217
8.71974
6.66511
12.0816
11.5994
9.90822
12.4051
14.6111
9.27062
11.3539
11.5902
8.7366
12.8214
7.71542
6.93553
5.28975
11.4577
8.29902
9.0974
9.3418
6.31287
14.1385
7.51119
6.61868
12.9844
11.276
4.08185
10.42
5.97152
12.2793
8.94074
13.9297
12.1168
9.59453
4.70783
12.4212
9.98758
10.3773
12.608
11.9929
6.58259
15.9188
8.13283
3.35715
12.9473
8.49695
5.96705
6.96008
11.3855
12.8135
8.1151
4.82705
6.82804
8.78285
5.56072
10.2789
7.602
6.42311
11.7269
7.38446
9.71524
12.2274
9.06333
2.91976
9.42945
8.04249
9.72852
11.0628
11.3226
11.3536
9.73778
14.1819
6.1657
8.80143
9.77891
11.5656
6.53209
12.2752
10.9469
11.8834
10.6273
11.3243
8.08976
10.0978
14.4352
10.3286
11.7869
14.4463
8.87974
9.46998
5.52804
8.22861
9.17523
10.6093
10.8699
6.73972
9.88264
10.953
9.03039
6.66055
9.46329
8.4533
8.53458
8.80427
8.72852
10.137
8.1885
10.7856
8.19888
6.76066
8.57454
12.3453
11.2832
5.6934
9.3437
11.2702
14.0861
9.07715
8.45524
12.0589
10.0057
13.3018
10.0515
8.18388
13.9061
9.04319
10.6678
10.6972
12.1576
6.2945
8.53146
13.3957
6.37923
11.1993
11.5172
2.69414
7.95677
5.57102
8.28721
11.8411
7.85609
8.84313
6.96807
4.16048
10.7837
14.8933
10.0879
8.17075
11.115
10.2162
7.30184
10.3815
9.50073
16.188
9.75384
15.2303
14.06
10.475
7.2091
11.057
6.42047
7.90248
9.94834
6.33134
8.03429
8.8906
10.0598
10.8175
12.7736
11.3381
12.0376
9.547
10.5588
7.93277
15.5061
7.24044
7.12873
10.6762
10.0093
8.68539
9.84878
9.68053
8.40674
16.7548
12.3395
8.1434
11.839
15.2936
7.85507
11.2445
13.1745
8.09469
6.90138
9.34737
5.38759
9.54802
9.81619
10.2646
12.7419
8.09482
6.04945
10.3341
10.2042
9.49259
9.05027
8.20893
12.3948
9.95215
9.09819
6.06919
12.1588
13.6741
14.5144
6.45842
12.2999
11.8691
9.07401
10.8829
7.71981
12.8318
5.732
8.20322
9.09865
11.0056
8.11663
9.00321
6.9583
9.84498
11.3542
7.69103
12.9887
6.93089
10.5798
10.6047
12.9484
9.54282
9.23956
12.1063
5.30459
10.941
12.3681
11.3385
7.47543
11.0499
5.05935
8.11867
15.4873
10.8404
10.853
13.981
7.83539
11.3166
10.5153
6.33092
6.4052
11.4153
10.108
9.37444
12.6168
10.1656
9.34566
7.39384
10.0707
7.26793
7.78535
6.97601
9.86014
11.9093
10.9125
9.2746
9.02868
9.6238
13.9272
6.83505
8.98908
13.9019
5.79062
12.7926
11.607
13.3121
8.24778
11.6879
4.01792
8.69231
11.0336
8.89062
7.48184
11.8264
13.521
9.43611
9.93283
9.68162
8.13416
8.14366
10.1476
8.94488
11.0604
12.0357
6.2283
9.24702
10.4219
7.5803
8.26857
8.20668
8.82006
8.27956
12.5257
9.5836
9.26285
11.5995
9.75528
8.61174
6.85361
9.49784
8.5974
14.3485
8.10967
13.1899
8.12061
8.21891
9.60807
12.2181
13.1885
11.0212
4.60512
10.001
10.7398
10.4888
7.70183
7.8491
9.77743
11.5305
6.56494
9.082
5.97908
8.39842
5.1684
11.3075
10.4166
12.3136
9.07802
11.4667
11.2362
11.339
8.32085
4.3045
6.82016
6.54013
15.7712
13.1325
11.6619
10.0747
11.0522
11.7613
9.18893
8.07762
10.2
7.33592
12.1122
9.44053
9.7264
10.4227
9.68058
11.5169
13.7458
7.38471
10.8318
12.0836
14.6206
10.2214
11.8507
11.5458
9.80421
10.4254
15.4432
8.75543
10.5637
8.24101
11.9559
8.69667
11.4198
7.5279
11.8595
11.5827
7.63142
12.0771
12.4547
11.725
11.9281
14.5695
10.7147
11.2736
8.364
9.70592
2.7628
7.47146
12.0236
6.43056
6.85117
7.89726
12.2563
8.60531
11.2379
11.3644
9.37463
7.17553
9.30252
7.92922
9.26374
8.71191
11.8881
10.4303
9.03904
10.6865
5.08577
7.46965
10.9197
12.7819
9.54815
8.43293
11.5745
14.2815
8.82005
6.09349
6.96559
11.3786
9.11551
8.03336
12.432
16.2477
8.40424
8.94002
13.0146
12.0332
5.83973
8.82659
9.76745
12.5582
9.98202
7.33301
11.629
9.76658
13.7751
10.6444
10.2867
11.2809
9.95836
8.51424
9.83301
12.4522
9.39467
6.84815
11.0014
12.53
9.35483
12.3151
7.52545
12.3088
11.0188
10.4578
13.4026
5.02137
7.378
10.1582
9.65489
11.6611
13.4449
7.56338
9.24059
11.0017
9.38053
6.8107
11.4773
9.70851
13.9824
8.2215
9.13504
9.63515
7.2111
13.7148
8.26634
7.33731
7.637
12.2121
9.97139
9.54634
11.6482
6.42901
12.1778
12.3416
13.5261
7.50225
9.89447
11.557
8.97119
12.2072
7.86395
8.78156
10.8415
7.75297
9.45356
12.9435
11.9304
7.16336
11.7956
10.8995
4.83995
5.98168
8.41204
10.0918
7.02268
9.50597
9.65232
7.72913
8.56653
9.21136
12.0977
9.16368
15.5809
9.54688
6.88577
10.4953
12.5577
6.68663
10.8668
9.27788
9.00525
13.296
12.5816
9.23625
7.44839
11.6958
11.8647
13.2931
11.3889
11.3035
11.0804
11.9852
2.33434
10.5325
12.2724
7.83977
6.51575
11.3623
9.35224
14.5391
10.8199
9.4904
7.75055
9.77773
8.49317
9.86914
8.88841
7.6451
8.62261
4.19781
7.80935
10.4255
10.9702
11.1827
11.637
4.78658
7.52542
5.11676
8.60517
10.2707
12.5634
13.0619
7.58776
11.4194
8.36587
4.70996
12.0371
10.2421
14.6178
10.9291
9.16898
8.07475
9.18083
14.1103
5.5247
14.1675
8.83899
8.4502
9.29475
14.3787
8.97194
3.63551
9.01462
10.076
16.9326
6.95324
9.01519
8.23258
10.0601
10.9303
11.0671
6.47978
12.4372
10.5541
8.58544
12.7757
6.23147
8.7987
8.59895
10.1332
10.1813
10.4845
12.8866
13.3641
7.56294
12.8444
10.8521
9.75581
8.24859
8.6922
14.0705
11.6416
12.6979
6.77461
9.64045
8.98528
13.2958
11.979
6.66302
13.8902
14.9667
15.4311
11.552
9.32565
10.2139
15.5086
10.8453
6.38547
11.9625
12.3725
10.8783
8.21088
7.11371
8.96803
8.43125
8.2814
10.6348
10.1329
6.50531
8.73223
8.91354
8.24526
8.70134
9.80799
9.27056
12.0162
10.86
10.5337
13.0912
9.11807
12.7569
9.93276
11.089
12.0699
11.528
11.9352
7.52145
5.62281
